/*********************************************
 * OPL 22.1.1.0 Data
 * Author: gwren
 * Creation Date: Apr 6, 2025 at 12:00:06 AM
 *********************************************/

 N = 100;
 S = 100;
 C = 459.20206817367233;
 c = 10;
 expectedValues = [
      30.0,
      81.0,
      66.0,
      24.0,
      69.0,
      36.0,
      93.0,
      39.0,
      9.0,
      45.0,
      66.0,
      39.0,
      18.0,
      39.0,
      42.0,
      78.0,
      78.0,
      84.0,
      18.0,
      42.0,
      51.0,
      87.0,
      30.0,
      18.0,
      96.0,
      51.0,
      39.0,
      54.0,
      57.0,
      12.0,
      90.0,
      81.0,
      27.0,
      99.0,
      87.0,
      75.0,
      57.0,
      51.0,
      27.0,
      42.0,
      21.0,
      72.0,
      6.0,
      30.0,
      36.0,
      78.0,
      69.0,
      81.0,
      15.0,
      57.0,
      36.0,
      48.0,
      30.0,
      30.0,
      12.0,
      6.0,
      18.0,
      21.0,
      93.0,
      90.0,
      99.0,
      6.0,
      75.0,
      66.0,
      12.0,
      18.0,
      9.0,
      69.0,
      102.0,
      93.0,
      33.0,
      87.0,
      48.0,
      27.0,
      15.0,
      96.0,
      9.0,
      93.0,
      39.0,
      87.0,
      81.0,
      78.0,
      48.0,
      75.0,
      57.0,
      102.0,
      99.0,
      63.0,
      39.0,
      18.0,
      48.0,
      54.0,
      27.0,
      90.0,
      18.0,
      15.0,
      57.0,
      93.0,
      21.0,
      66.0
    ];
 weights =[[33.1651, 67.8128, 88.5555, 17.6746, 72.3523, 30.114, 119.198, 
  32.9622, 8.50663, 61.6395, 78.887, 36.6152, 17.3803, 30.8198, 
  35.4825, 64.2718, 65.78, 82.1673, 14.0441, 34.0152, 42.8126, 
  106.518, 29.3007, 20.6375, 117.83, 39.5752, 24.7715, 56.0336, 
  74.7442, 11.7697, 92.7823, 59.3627, 21.1637, 76.8436, 105.378, 
  70.1022, 50.571, 46.8011, 29.7298, 44.9873, 19.2359, 72.9678, 
  4.17097, 20.6382, 24.5735, 70.779, 62.7309, 46.6121, 15.1392, 
  41.6337, 40.9504, 35.3995, 39.8532, 27.4076, 10.2543, 5.31192, 
  16.2271, 19.2105, 64.7137, 91.7916, 105.056, 5.00562, 91.07, 
  78.6308, 14.904, 21.0611, 6.01094, 106.702, 97.8664, 118.878, 
  16.0021, 89.7262, 59.4784, 26.3156, 13.3105, 97.5311, 7.48263, 
  92.4943, 28.6577, 91.4398, 91.19, 94.4403, 46.3549, 86.0511, 
  65.4272, 98.7732, 83.9118, 49.7074, 38.148, 13.3037, 52.4884, 
  61.2098, 25.4229, 94.368, 17.4689, 15.3194, 66.2952, 82.7996, 
  23.7058, 66.0155], [22.2855, 83.7733, 75.15, 24.8134, 68.132, 
  29.7088, 92.6897, 49.5212, 9.23016, 46.0029, 74.3127, 18.8671, 
  17.2916, 32.306, 56.7481, 77.9182, 86.0303, 63.5933, 23.3044, 
  33.0083, 40.2677, 62.9384, 27.2911, 25.0251, 92.8786, 34.6736, 
  40.819, 44.0234, 60.4935, 11.939, 91.1525, 66.0636, 22.276, 110.675,
   95.2254, 59.0941, 59.1912, 41.8764, 22.2998, 42.1024, 18.5253, 
  67.1477, 3.87523, 15.0323, 37.3768, 80.75, 65.0565, 84.9188, 
  11.7104, 46.3356, 37.8544, 27.8838, 28.5309, 36.5374, 14.3348, 
  4.06573, 20.3514, 20.0074, 112.277, 93.3336, 74.8521, 3.82392, 
  61.5972, 44.3482, 12.1787, 9.67386, 5.16041, 70.5881, 125.071, 
  93.2251, 34.1112, 76.0572, 47.4263, 28.0898, 16.2144, 90.2232, 
  9.51785, 107.457, 26.6806, 86.7259, 83.0798, 52.7335, 41.0721, 
  74.2044, 65.4036, 74.238, 96.0806, 43.047, 45.6725, 15.7685, 
  53.0736, 62.4404, 23.4885, 116.89, 17.4722, 10.0758, 60.9461, 126.5,
   15.2581, 48.2311], [37.2135, 67.9737, 56.1898, 36.4051, 69.5569, 
  31.7997, 70.3576, 43.0894, 8.69379, 41.5082, 45.4615, 23.8469, 
  17.3075, 37.6333, 43.6943, 74.4729, 67.6728, 68.1201, 16.1337, 
  34.9589, 59.0532, 101.172, 31.4557, 19.7192, 107.71, 43.4525, 
  38.4081, 59.8132, 61.9165, 10.1096, 37.0595, 95.646, 23.6648, 
  82.7733, 76.8181, 82.6837, 60.7045, 43.414, 30.9741, 52.3126, 
  16.4231, 84.3935, 4.10344, 23.7924, 32.1232, 72.5254, 76.768, 
  107.665, 15.368, 51.5813, 25.8749, 29.3706, 28.1275, 33.6263, 
  12.4764, 4.36385, 14.856, 22.1408, 84.0013, 103.714, 101.398, 
  5.94743, 83.4213, 84.7867, 10.462, 15.652, 5.47212, 59.6123, 73.432,
   95.6465, 25.4728, 63.4919, 45.4428, 21.0499, 14.9088, 75.9435, 
  7.19438, 107.762, 40.2164, 106.21, 89.8166, 74.0637, 36.8409, 
  74.4213, 55.2915, 106.496, 123.654, 41.6375, 32.134, 11.8265, 
  40.3062, 46.4723, 25.4131, 84.8369, 10.1919, 14.1033, 39.8942, 
  109.473, 13.6708, 92.8179], [34.4138, 61.4161, 80.3895, 20.3035, 
  69.8613, 36.8512, 102.824, 32.2018, 6.29562, 49.2611, 68.4026, 
  17.6007, 15.1982, 29.7438, 30.7076, 60.6258, 87.477, 84.3173, 
  16.4015, 35.2032, 44.9431, 69.5503, 16.1834, 17.143, 94.3305, 
  58.4383, 53.8834, 56.5029, 59.4935, 12.02, 96.8205, 108.515, 
  19.8641, 109.036, 100.485, 92.1073, 58.2818, 64.2934, 28.8248, 
  35.279, 15.2203, 75.8018, 3.17979, 31.6171, 42.2485, 73.936, 
  58.9397, 87.9347, 16.2132, 65.4716, 27.9837, 42.4379, 19.8793, 
  29.2658, 10.2155, 4.97622, 19.4099, 24.604, 103.203, 88.1966, 
  161.845, 5.49263, 101.49, 72.1196, 8.90781, 20.063, 5.13696, 
  92.8278, 107.611, 87.5812, 33.8924, 69.9774, 44.3891, 27.7081, 
  15.1109, 72.3292, 8.23372, 78.4084, 42.2587, 76.3206, 60.9043, 
  61.9819, 40.6929, 54.9437, 80.3369, 112.642, 68.8283, 56.2612, 
  30.0282, 12.6615, 42.6667, 43.3916, 22.5906, 82.5275, 18.4386, 
  12.1395, 64.4396, 96.4246, 17.7487, 79.4311], [15.0213, 51.9681, 
  63.3369, 23.0034, 75.5338, 30.2509, 120.35, 27.4546, 10.274, 
  39.2869, 62.0768, 43.4636, 17.3316, 30.5149, 30.8152, 61.8133, 
  56.1987, 97.446, 12.897, 56.1307, 75.5971, 87.5794, 25.0207, 
  16.5307, 100.779, 49.9019, 33.785, 47.7273, 38.9564, 9.46721, 
  74.2459, 86.3556, 30.8964, 73.5575, 61.9032, 102.976, 65.1911, 
  45.7504, 30.7699, 40.1918, 28.391, 69.531, 5.8346, 26.4279, 39.0481,
   81.4281, 58.4465, 85.8165, 10.333, 59.0918, 39.643, 34.0454, 
  21.7573, 32.8615, 9.47064, 3.63542, 18.5428, 14.9198, 83.1281, 
  81.8747, 96.5184, 5.95237, 85.5525, 88.4327, 11.6552, 21.5626, 
  4.16312, 92.2246, 96.9287, 121.63, 35.9791, 103.05, 45.1479, 
  23.2363, 10.7194, 116.215, 7.36874, 66.4639, 26.3739, 71.6943, 
  105.633, 45.7882, 54.7564, 103.395, 59.0482, 82.316, 119.565, 
  60.5698, 35.288, 19.2018, 46.0497, 52.6232, 31.5216, 97.2351, 
  17.7071, 17.1076, 60.8115, 117.977, 18.9173, 73.3321], [34.5655, 
  84.851, 62.7251, 19.8747, 59.5596, 30.718, 58.526, 32.5879, 8.28206,
   21.7889, 60.6438, 43.1489, 22.1515, 35.8942, 45.6939, 71.0413, 
  85.1131, 87.7283, 17.3045, 29.5242, 47.5556, 64.9149, 26.8838, 
  16.7631, 99.651, 45.3901, 43.6344, 36.0245, 46.1446, 9.62771, 
  83.3912, 66.2519, 26.9074, 112.962, 77.4838, 74.446, 62.7243, 
  35.5992, 22.3371, 52.3782, 19.418, 68.0742, 5.20678, 36.0646, 
  25.1368, 76.4776, 52.5856, 74.3577, 10.704, 53.2729, 34.9724, 
  39.7991, 30.4371, 32.0243, 9.29752, 3.56222, 17.7901, 20.658, 
  89.491, 55.8552, 102.505, 5.07594, 55.3566, 54.1829, 14.7531, 
  22.5022, 6.8885, 54.326, 84.9237, 116.658, 20.4681, 91.967, 41.7161,
   30.8159, 14.2018, 113.616, 7.1309, 96.985, 38.842, 74., 99.5333, 
  69.8287, 59.8803, 85.4858, 59.1033, 112.436, 143.722, 38.9984, 
  32.0032, 13.7594, 44.0907, 52.5247, 22.926, 79.4012, 18.5207, 
  14.7668, 69.2261, 72.4874, 10.1723, 70.2779], [18.3387, 66.9644, 
  56.2834, 25.815, 65.0163, 34.2466, 69.5286, 52.6276, 8.25942, 
  41.0372, 43.219, 40.8681, 17.3756, 37.7164, 36.9324, 80.1608, 
  85.8376, 66.3936, 18.112, 37.0826, 52.9862, 76.1295, 21.4695, 
  20.936, 64.0015, 54.6951, 43.3143, 63.1527, 51.0892, 13.4637, 
  95.2671, 68.0505, 24.7007, 99.8631, 65.3043, 90.7469, 47.9236, 
  48.507, 17.905, 29.491, 17.451, 59.7896, 3.6236, 27.0167, 36.5329, 
  85.7111, 68.8984, 87.9101, 9.67825, 43.5698, 25.3628, 37.0764, 
  30.796, 27.9315, 11.8595, 3.83696, 14.7039, 20.3742, 75.1854, 
  59.5171, 77.4448, 5.79745, 75.6806, 59.0161, 12.5132, 19.4116, 
  6.37024, 68.9984, 91.1905, 76.4006, 36.6238, 69.013, 57.2254, 
  22.044, 13.7066, 90.3715, 8.50197, 116.774, 40.0457, 78.1227, 
  80.8636, 79.6831, 40.9247, 87.3766, 54.4713, 97.1121, 88.2468, 
  79.4231, 41.1264, 14.0923, 31.3235, 61.8616, 24.4415, 89.1554, 
  12.7339, 11.6434, 66.9046, 76.4327, 17.6002, 60.2115], [36.1728, 
  96.4165, 60.294, 29.0011, 62.3969, 45.921, 94.5268, 43.1232, 
  8.48167, 44.5142, 81.2217, 23.916, 14.934, 45.0947, 48.3873, 
  76.7426, 64.3023, 69.9482, 18.5806, 40.8189, 40.6374, 117.715, 
  27.149, 23.2446, 88.0196, 45.8858, 48.4798, 66.8337, 51.8497, 
  8.97916, 60.793, 59.1034, 27.1838, 113.356, 96.4089, 61.1259, 
  72.6669, 44.9644, 28.2532, 47.9624, 16.4597, 62.6824, 5.0824, 
  17.5847, 38.4103, 64.5622, 77.2731, 100.483, 13.5919, 60.7713, 
  10.5725, 56.691, 23.749, 25.9744, 14.7789, 4.00056, 18.9588, 
  16.0599, 94.2052, 61.5848, 98.4738, 4.0071, 97.4028, 81.9205, 
  13.3535, 13.2553, 6.63599, 83.5864, 141.155, 98.3565, 19.0575, 
  94.3453, 38.5337, 20.6807, 14.5508, 103.492, 8.07669, 103.301, 
  49.089, 78.5407, 99.3988, 90.1942, 58.5237, 67.9541, 48.2749, 
  79.8562, 87.9463, 80.1828, 42.351, 16.1607, 40.6802, 60.471, 
  18.9937, 89.7485, 16.3255, 9.79494, 38.9776, 89.8955, 15.8534, 
  74.3354], [28.0683, 60.2949, 57.833, 17.7274, 67.7353, 35.4613, 
  85.7654, 53.3086, 6.82597, 39.4248, 71.3726, 36.9345, 10.947, 
  50.4556, 39.7226, 98.8424, 120.342, 89.2229, 18.9202, 34.6244, 
  45.9056, 106.119, 22.4568, 18.889, 91.0845, 58.5737, 53.2201, 
  48.1898, 54.9791, 9.75441, 111.377, 61.8897, 21.5942, 109.678, 
  87.5146, 103.654, 67.6021, 74.1984, 17.8928, 37.4323, 15.7098, 
  86.0328, 3.23503, 27.4545, 27.0234, 83.3527, 73.0404, 86.5202, 
  13.1564, 39.2653, 37.9351, 54.7789, 25.0847, 29.4044, 10.1614, 
  2.73585, 18.0219, 21.4778, 101.083, 57.464, 109.772, 4.9537, 
  76.8321, 57.5262, 13.6775, 18.4563, 6.8841, 68.4771, 81.7674, 
  77.3501, 34.6626, 77.4764, 48.5552, 22.5802, 11.4274, 123.835, 
  8.70481, 71.4529, 33.4684, 93.0373, 61.8512, 106.017, 46.3028, 
  76.7759, 52.0658, 100.052, 100.037, 54.449, 34.0974, 17.9436, 
  48.8824, 51.0285, 17.1161, 58.2134, 11.4502, 9.33094, 58.1593, 
  106.807, 25.1979, 68.4662], [28.4917, 76.6229, 55.0934, 21.0931, 
  89.3121, 38.3716, 97.853, 43.6909, 12.5678, 44.465, 78.9045, 
  26.1948, 12.6231, 26.0704, 29.4144, 97.1878, 95.3576, 62.814, 
  14.4735, 27.7558, 51.4166, 86.728, 30.4038, 21.9164, 89.2333, 
  45.9628, 26.2752, 65.5693, 66.3151, 10.0273, 71.5839, 104.445, 
  21.3291, 67.0456, 88.9892, 61.7559, 63.5228, 45.9961, 24.4001, 
  39.6506, 17.3458, 89.5999, 4.14908, 20.5681, 31.9649, 101.708, 
  74.254, 66.5708, 13.8888, 78.9678, 20.2373, 56.0687, 30.1173, 
  35.8384, 12.9033, 4.24079, 13.1221, 22.1451, 107.362, 77.6807, 
  34.3548, 6.73874, 69.5011, 76.1258, 14.4179, 13.8507, 5.61599, 
  80.8514, 103.114, 92.6381, 33.934, 57.6349, 53.4464, 23.4085, 
  16.418, 87.3786, 9.05727, 114.448, 44.5745, 88.79, 62.9677, 78.6864,
   34.239, 79.5067, 87.0191, 104.632, 67.218, 47.8173, 22.394, 
  16.7018, 14.9289, 50.2811, 22.7495, 80.4945, 13.642, 15.8849, 
  56.1843, 94.7585, 16.3208, 78.5505], [27.3465, 99.8117, 58.5845, 
  23.3896, 75.0729, 31.4746, 104.367, 34.7666, 8.83391, 30.9325, 
  45.9723, 26.9401, 15.6434, 34.99, 38.1225, 81.5668, 119.174, 
  114.454, 19.6531, 57.4728, 57.9958, 93.943, 30.2775, 20.8218, 
  93.2102, 44.6184, 41.9615, 47.6475, 59.9201, 11.4668, 84.8936, 
  76.1178, 22.5522, 100.846, 95.0693, 85.6115, 63.8617, 71.144, 
  30.0906, 37.4735, 20.4704, 90.3115, 4.71838, 37.1915, 37.5485, 
  105.277, 81.6044, 71.7311, 12.0206, 73.15, 33.662, 41.738, 23.0222, 
  43.8473, 13.0299, 4.54836, 17.8397, 17.0627, 100.679, 71.9677, 
  47.5848, 4.69891, 61.3518, 68.552, 10.0739, 18.8303, 10.4287, 
  74.9514, 76.0787, 94.9461, 34.154, 96.9749, 55.3338, 12.687, 
  10.7595, 103.849, 7.85899, 99.9883, 32.1531, 101.753, 81.6159, 
  72.0069, 47.1992, 100.8, 65.2082, 99.7071, 90.6374, 54.3287, 42.61, 
  17.1275, 52.655, 69.9463, 19.0623, 94.1387, 15.0142, 11.0813, 
  44.2711, 53.9701, 20.8528, 72.2124], [26.9379, 83.2733, 58.905, 
  15.1254, 49.4959, 34.2276, 110.446, 44.7111, 8.06321, 22.2927, 
  75.0466, 30.4154, 11.2613, 36.3908, 35.0854, 75.0964, 63.5043, 
  91.461, 17.9226, 51.1473, 51.1569, 85.5193, 36.2575, 10.5534, 
  106.454, 48.4404, 33.7815, 61.2335, 36.3102, 7.76941, 101.292, 
  95.4313, 22.6492, 100.519, 73.4902, 33.1908, 58.8294, 37.8628, 
  20.0941, 30.9972, 18.0713, 65.7383, 3.79232, 24.5244, 38.417, 
  58.8514, 73.1921, 108.45, 11.8361, 62.4833, 31.8964, 50.0131, 
  31.3764, 26.2328, 14.1332, 4.38174, 21.7444, 21.7138, 107.953, 
  75.6217, 96.1814, 5.67763, 59.3, 82.8419, 8.69354, 16.9946, 7.3548, 
  75.2993, 82.7054, 90.4264, 26.6122, 83.5656, 43.7091, 33.5529, 
  13.4353, 91.429, 8.20678, 113.944, 24.8335, 111.762, 92.4689, 
  74.1098, 41.7297, 72.804, 57.5614, 67.4275, 101.928, 61.172, 
  37.0597, 17.7733, 52.3947, 46.0978, 24.9839, 85.2332, 14.9704, 
  8.17682, 54.8661, 92.2371, 17.0166, 60.3511], [38.4748, 68.1381, 
  76.3781, 22.992, 92.7817, 31.7661, 116.995, 36.8063, 10.558, 
  42.3378, 57.7873, 41.4042, 21.4481, 39.9362, 32.8981, 54.4449, 
  95.7648, 54.1431, 16.4387, 32.7745, 53.997, 77.624, 25.7036, 
  18.0102, 105.309, 30.7878, 44.311, 30.0539, 43.2985, 9.8508, 
  73.7608, 99.5426, 20.4797, 82.7829, 87.4016, 54.242, 51.6409, 
  35.6727, 26.9638, 37.844, 18.8115, 58.789, 3.95827, 32.9571, 
  32.7295, 74.5297, 80.0291, 75.2309, 11.5822, 19.5466, 40.9823, 
  50.3129, 28.5315, 27.6696, 12.9459, 3.53378, 11.4262, 18.5141, 
  92.1347, 70.6901, 91.639, 5.43535, 65.3254, 76.855, 10.5068, 
  16.1823, 6.97123, 59.9089, 98.6339, 94.3348, 26.0154, 110.822, 
  39.2448, 21.4225, 15.143, 76.6125, 9.45146, 93.0942, 32.7699, 
  116.858, 89.2897, 39.1954, 50.2607, 84.3748, 64.3709, 94.5353, 
  101.661, 65.1914, 43.093, 17.2258, 50.8877, 41.041, 17.7588, 
  94.4259, 20.1118, 14.1131, 35.3275, 104.729, 19.5312, 
  60.5411], [35.3768, 81.0826, 64.387, 20.3297, 73.9858, 32.1845, 
  91.3591, 26.532, 6.89523, 29.2314, 52.8213, 40.0324, 14.8252, 48.86,
   39.304, 98.8414, 63.8276, 84.8601, 15.2476, 45.3258, 33.4715, 
  96.6862, 30.2268, 17.3764, 67.3994, 49.6175, 29.5148, 53.0255, 
  50.3827, 8.11995, 101.498, 102.095, 24.0107, 146.046, 95.0809, 
  66.5092, 53.099, 67.3903, 25.4357, 41.0899, 20.3298, 61.688, 
  4.44168, 17.3141, 32.3655, 67.2355, 70.95, 56.4955, 8.05609, 
  76.6775, 41.4627, 47.7968, 31.2073, 27.7975, 11.4509, 4.38819, 
  14.4849, 21.0523, 76.9392, 95.8714, 99.5892, 6.11123, 41.472, 
  67.8058, 11.068, 21.8487, 6.46478, 75.5428, 123.987, 84.8766, 
  42.7329, 100.874, 47.0681, 22.3124, 15.6617, 83.784, 9.78737, 
  89.4481, 36.0309, 88.1858, 76.2371, 73.1567, 37.6544, 86.0143, 
  44.3897, 127.26, 110.608, 42.9773, 28.2459, 12.8235, 53.7636, 
  42.9781, 24.5875, 101.184, 12.9258, 12.7007, 45.8385, 98.5815, 
  14.9008, 51.4694], [32.5299, 62.3742, 53.1794, 16.453, 75.1441, 
  44.3455, 104.68, 40.2804, 8.4984, 43.9505, 51.4739, 32.0109, 
  17.7444, 22.1536, 38.2298, 73.6489, 65.902, 67.7759, 19.7102, 
  40.5377, 43.696, 84.9921, 24.9143, 18.0469, 100.703, 53.0806, 
  39.4754, 48.5544, 65.0187, 12.212, 107.749, 88.5112, 19.2976, 
  135.031, 106.069, 47.0637, 60.684, 46.0748, 12.9964, 47.3727, 
  20.9923, 61.0371, 4.35295, 28.6408, 37.9915, 46.3484, 60.1389, 
  67.112, 10.8241, 57.3732, 41.8187, 37.9605, 17.4096, 29.6773, 
  11.1612, 3.64942, 22.5868, 30.0669, 130.471, 89.3855, 95.3654, 
  6.72107, 96.8405, 76.365, 11.4658, 20.9504, 7.73479, 83.1991, 
  119.813, 88.6213, 29.7681, 113.096, 48.3392, 23.9297, 18.4852, 
  112.774, 8.4606, 92.4292, 42.0023, 107.569, 78.2135, 60.1717, 
  46.824, 62.451, 42.0795, 93.3437, 112.492, 62.7957, 36.1823, 
  17.2608, 42.3149, 53.5568, 25.4909, 91.7288, 16.5855, 14.8773, 
  73.9299, 91.6118, 19.7617, 64.6311], [32.1438, 56.5621, 79.2155, 
  20.4555, 75.0905, 20.7961, 102.798, 18.8703, 6.95151, 33.6848, 
  58.2004, 35.1395, 14.759, 55.7991, 46.1168, 85.2556, 77.4602, 
  81.2591, 16.6894, 20.6264, 53.0655, 52.2024, 44.0706, 19.652, 
  77.3952, 41.2268, 32.1835, 55.0706, 76.7503, 8.58741, 90.3438, 
  104.492, 23.1989, 80.0302, 83.2748, 82.4619, 59.1015, 54.4236, 
  25.1355, 20.2858, 27.572, 81.7234, 2.8952, 21.6067, 41.805, 84.2959,
   80.722, 89.2384, 9.24606, 44.4603, 41.2841, 47.6895, 29.9013, 
  33.9526, 14.0296, 4.12145, 19.9323, 21.0264, 43.61, 68.6598, 
  85.8295, 6.18199, 64.4025, 59.5527, 13.2578, 17.8317, 3.40463, 
  50.735, 77.0566, 106.28, 25.2302, 115.485, 49.5194, 26.2283, 11.752,
   92.7143, 6.9852, 88.7906, 36.0016, 94.2399, 81.8357, 53.0143, 
  50.2012, 81.0473, 44.1409, 113.331, 114.766, 68.8428, 28.1758, 
  20.4884, 35.4805, 57.7225, 20.7699, 117.624, 11.1206, 14.9345, 
  69.0917, 118.604, 24.8225, 63.5558], [24.0013, 77.7441, 66.2439, 
  21.834, 67.8009, 35.5135, 94.2109, 38.8967, 9.13576, 54.4168, 
  81.6039, 43.7365, 18.944, 35.2333, 35.6011, 59.2124, 89.9618, 
  79.712, 16.7377, 34.524, 45.8735, 95.5037, 27.3423, 11.2626, 93.304,
   41.8635, 41.3568, 76.6269, 28.1015, 10.6451, 115.494, 94.2657, 
  31.416, 120.639, 129.166, 65.7705, 52.3795, 61.2345, 22.6014, 
  56.4715, 13.6624, 98.1954, 6.21348, 38.1779, 31.4389, 90.8017, 
  59.3252, 68.9658, 9.26265, 47.0562, 26.6015, 33.2042, 25.8855, 
  36.9664, 9.00349, 3.91398, 19.6059, 21.7659, 74.1662, 105.534, 
  85.3015, 5.81156, 86.3, 18.3479, 17.228, 15.2932, 3.77584, 70.3955, 
  87.6166, 66.9659, 24.2819, 79.5405, 42.9873, 29.1511, 15.6637, 
  85.3505, 7.82729, 94.9651, 37.3412, 56.6622, 69.4874, 61.3939, 
  30.6094, 49.1294, 79.8119, 122.583, 91.3056, 54.8824, 36.285, 
  14.7864, 49.0062, 55.6418, 30.5792, 52.5814, 10.9272, 12.8955, 
  64.8581, 73.1629, 15.1956, 74.0808], [23.1589, 77.8299, 60.7894, 
  26.303, 73.7674, 17.5607, 127.084, 34.5249, 6.0038, 46.6204, 
  65.2321, 37.7219, 12.0738, 44.7705, 36.1874, 68.1533, 75.2656, 
  85.3964, 13.6796, 26.8129, 25.2233, 71.8926, 27.9882, 21.7414, 
  82.4237, 50.4907, 47.6102, 66.8258, 60.8256, 6.51114, 74.6594, 
  61.5282, 23.9714, 65.7362, 75.5583, 70.509, 35.4712, 38.8476, 
  23.8597, 40.9328, 20.6575, 64.5935, 3.50304, 37.5279, 25.6382, 
  76.5499, 69.2278, 73.854, 14.1516, 40.5154, 25.3169, 45.0835, 
  34.7032, 32.4479, 13.3154, 4.62297, 18.5044, 16.7939, 104.551, 
  106.369, 102.51, 5.20736, 65.8457, 69.7008, 8.63775, 20.1359, 
  6.57734, 32.7277, 122.112, 81.4889, 33.5624, 109.111, 47.6308, 
  19.2533, 13.7142, 68.7938, 6.79316, 63.5355, 34.7315, 95.4454, 
  77.0477, 61.0469, 41.2755, 67.8813, 78.5175, 117.84, 92.7801, 
  75.3404, 37.465, 18.3625, 40.4448, 63.4859, 26.7607, 118.709, 
  20.5777, 17.4367, 30.1321, 80.4374, 17.0915, 63.1652], [32.559, 
  86.2517, 73.2364, 19.5792, 72.716, 30.5866, 117.975, 35.4849, 
  10.714, 39.602, 65.6029, 29.9845, 13.71, 44.0238, 38.497, 77.9944, 
  75.9317, 93.567, 15.157, 36.2076, 50.8709, 79.6954, 26.029, 23.6625,
   96.5461, 34.9823, 38.6215, 44.3766, 44.06, 8.6865, 92.4191, 
  91.1716, 28.9749, 109.269, 115.766, 76.9569, 75.2717, 55.5005, 
  20.9949, 34.4026, 19.7336, 45.1864, 5.09165, 33.6607, 37.0722, 
  56.6531, 50.3511, 101.764, 11.6862, 48.0395, 28.2959, 42.1265, 
  25.3525, 31.082, 10.4937, 4.8799, 20.9494, 24.6731, 98.9525, 
  93.8038, 72.2519, 4.69184, 56.9485, 54.5511, 9.80268, 19.4467, 
  5.86235, 47.1622, 139.991, 86.8941, 29.0398, 80.2727, 63.2139, 
  22.7929, 11.5923, 105.441, 4.88567, 84.8398, 19.8477, 76.7678, 
  64.2241, 105.64, 36.4159, 98.4063, 69.1491, 109.047, 95.363, 
  61.9088, 44.4524, 15.8581, 54.8822, 52.153, 19.1064, 128.881, 
  13.5115, 14.0126, 46.5766, 87.352, 19.5113, 79.5001], [26.5702, 
  91.9427, 56.0008, 18.354, 47.6834, 29.7826, 107.823, 34.9965, 
  8.06607, 44.1784, 66.9193, 29.9807, 19.9038, 40.8163, 42.9831, 
  82.2437, 95.4935, 86.6801, 22.0217, 35.353, 47.7433, 78.6361, 
  26.4991, 19.5628, 90.2525, 38.1815, 38.3976, 39.6786, 65.4868, 
  8.67837, 95.5513, 85.3817, 22.544, 73.3261, 78.461, 72.8661, 
  48.2707, 44.6262, 30.1741, 42.7998, 20.8512, 77.0862, 3.46587, 
  22.6213, 39.9762, 80.6497, 66.717, 76.4616, 11.3593, 48.0545, 
  35.2308, 45.5234, 28.3107, 27.8905, 10.3183, 4.13666, 21.2529, 
  24.3623, 101.564, 113.038, 70.1761, 3.85581, 64.072, 55.9001, 
  16.6887, 19.1272, 4.36605, 66.4273, 105.345, 82.2119, 27.3289, 
  67.9657, 49.2936, 21.0634, 14.1018, 107.895, 5.08758, 51.4711, 
  35.6878, 60.6539, 94.1384, 79.9694, 47.4563, 82.2536, 48.0809, 
  85.8449, 110.845, 41.3252, 26.7497, 16.5113, 40.3619, 45.7266, 
  21.0927, 36.5625, 14.2626, 14.4206, 53.6624, 52.9221, 20.5605, 
  60.9746], [23.518, 99.9938, 73.6035, 17.0926, 55.0603, 30.1788, 
  78.9866, 33.1891, 9.48567, 46.9793, 60.8038, 32.8774, 5.28283, 
  41.2205, 47.8394, 68.6848, 47.0565, 87.9272, 20.3153, 31.0764, 
  42.9898, 92.032, 23.6579, 13.514, 96.3676, 42.7319, 24.9258, 
  62.3035, 44.3112, 10.8962, 84.828, 69.0466, 23.2781, 107.788, 
  80.2418, 88.6387, 56.7396, 54.5797, 34.2866, 47.187, 21.8586, 
  68.0267, 5.42722, 21.4873, 21.8743, 85.5752, 81.7914, 90.7796, 
  13.3876, 60.5879, 37.5606, 53.2881, 24.3484, 19.6768, 9.65119, 
  4.98768, 11.0079, 15.2595, 72.1594, 97.0052, 97.5359, 3.92138, 
  53.5199, 42.3227, 15.6038, 19.736, 5.72838, 86.1224, 107.396, 
  84.4098, 32.3226, 92.0438, 54.9082, 28.7044, 14.6083, 102.642, 
  8.86977, 84.3146, 29.0251, 84.9745, 71.1406, 87.0501, 56.5208, 
  70.5352, 56.573, 81.841, 108.124, 48.3063, 34.0018, 17.2631, 
  40.8622, 55.3001, 23.3719, 83.8883, 16.4598, 9.42432, 51.7673, 
  29.0901, 23.602, 56.5849], [29.5925, 89.6463, 38.3169, 22.3734, 
  55.7245, 34.6278, 92.3173, 34.3114, 8.21008, 39.6598, 53.8898, 
  47.9151, 15.8682, 32.117, 47.9463, 81.4995, 50.0741, 90.8971, 
  21.2563, 36.3419, 51.8783, 73.594, 32.4171, 14.8582, 115.754, 
  42.9937, 41.3204, 56.262, 55.5438, 10.6116, 103.326, 95.5812, 
  14.2791, 102.429, 94.2894, 50.1878, 43.6825, 40.3656, 31.2617, 
  31.5221, 22.6006, 46.8863, 3.70709, 33.8827, 26.4619, 78.3537, 
  81.7328, 95.294, 10.1779, 63.761, 38.0353, 45.4995, 36.6512, 
  35.9085, 10.9714, 4.2052, 11.8932, 21.9724, 78.5555, 83.2746, 
  99.421, 4.89435, 77.747, 49.5924, 13.6588, 20.8476, 8.2256, 42.075, 
  110.282, 125.87, 19.7245, 77.528, 53.4279, 26.7777, 16.5255, 
  68.8186, 8.83416, 91.2548, 34.996, 65.4146, 52.207, 73.355, 29.2512,
   83.96, 51.1756, 102.82, 90.5572, 79.2549, 45.2313, 11.6492, 
  69.3119, 44.2522, 24.735, 78.8004, 16.2332, 12.631, 21.9086, 
  104.791, 19.9984, 62.9396], [26.4109, 100.04, 79.7404, 25.9373, 
  54.9239, 42.469, 108.991, 38.8085, 8.53727, 35.2855, 78.6475, 
  25.4888, 17.3503, 40.1531, 49.6669, 74.3082, 67.6191, 67.4468, 
  18.7061, 49.8987, 37.6487, 86.8514, 25.5222, 12.8534, 123.446, 
  41.1508, 40.2634, 52.4581, 55.904, 14.5363, 84.9687, 84.6669, 
  20.4996, 108.244, 109.375, 66.7539, 69.8516, 44.8575, 22.9189, 
  24.2597, 15.7115, 69.8263, 3.23454, 34.1278, 42.5422, 57.7799, 
  73.6702, 72.5758, 13.2297, 44.5046, 32.6296, 42.2822, 25.5671, 
  27.1396, 13.3936, 3.36322, 17.5836, 27.1942, 86.8909, 81.7292, 
  73.6158, 5.32064, 84.3184, 71.1117, 11.5485, 20.3849, 10.1058, 
  72.0937, 122.031, 107.083, 24.1975, 66.4231, 51.7133, 23.9154, 
  12.6563, 107.469, 6.45908, 82.1054, 36.2253, 122.632, 90.6229, 
  75.7496, 50.1193, 48.8813, 49.8141, 64.3772, 85.6236, 70.6158, 
  31.915, 13.7092, 43.9484, 69.9799, 23.1666, 80.3886, 14.7336, 
  16.5632, 63.2871, 86.6352, 14.4244, 71.4692], [34.1754, 66.8519, 
  51.6065, 27.9891, 60.7674, 34.9171, 97.9062, 20.0389, 8.61316, 
  52.2489, 46.3283, 40.2272, 18.9598, 34.1664, 48.4709, 79.5219, 
  95.1586, 78.5483, 10.2414, 51.3734, 52.2305, 95.1452, 29.1229, 
  17.8517, 95.2737, 48.4307, 28.091, 50.6948, 64.6079, 8.87209, 
  92.7907, 85.5006, 28.0608, 85.9044, 120.942, 86.776, 49.9996, 
  68.4857, 27.2594, 44.6525, 19.0473, 89.9046, 5.18095, 17.1342, 
  30.0986, 81.2574, 83.5974, 50.3682, 11.2679, 50.6532, 35.3016, 
  43.2958, 24.7732, 29.3576, 9.44535, 3.74774, 19.553, 17.684, 
  92.2096, 89.9321, 74.0487, 4.65726, 74.7667, 75.7605, 13.3219, 
  12.3093, 7.3382, 71.7602, 88.9446, 107.75, 33.3323, 77.7947, 
  49.2598, 17.4174, 13.5041, 113.917, 7.50654, 87.3651, 43.0615, 
  89.8084, 72.9543, 47.0779, 31.9927, 98.4976, 46.2493, 91.858, 
  76.6785, 60.822, 43.6569, 15.2217, 42.2192, 53.7431, 31.1854, 
  67.2203, 11.723, 10.4036, 46.2015, 79.7319, 18.4125, 
  58.7589], [23.3937, 50.1414, 67.06, 14.4577, 68.3786, 28.3703, 
  71.7321, 33.8622, 6.04396, 33.318, 91.1943, 34.1216, 12.8125, 
  32.5281, 28.5483, 77.8505, 65.4046, 77.0901, 12.432, 34.0245, 
  48.0984, 116.657, 23.3199, 13.413, 86.2383, 65.7678, 46.5518, 
  51.934, 33.6422, 9.91914, 87.0373, 69.1999, 21.1243, 75.3932, 
  94.9965, 54.5105, 54.0167, 57.3276, 29.8119, 48.2506, 19.9019, 
  53.7063, 4.72524, 36.5636, 31.0051, 65.4576, 89.882, 59.9048, 
  12.3608, 60.5017, 30.3713, 56.6228, 25.6643, 33.703, 10.0962, 
  4.33272, 16.01, 25.015, 123.164, 93.3904, 81.8425, 6.2427, 82.2397, 
  44.844, 12.4137, 18.8597, 7.35561, 64.9621, 80.3817, 96.271, 
  31.0822, 87.5439, 48.0893, 26.1321, 11.0842, 89.2532, 8.6022, 
  74.9826, 30.2263, 98.1435, 79.0188, 66.9025, 45.7978, 72.6885, 
  58.6281, 107.058, 120.691, 75.6154, 30.8232, 17.5432, 40.3978, 
  56.5888, 22.2333, 107.267, 8.63549, 14.1309, 46.1997, 95.9689, 
  24.0216, 83.0894], [27.184, 73.6443, 61.4663, 15.9309, 57.6555, 
  37.5205, 71.6871, 42.856, 5.9568, 35.7363, 80.7523, 30.896, 16.9058,
   39.8351, 51.1309, 103.275, 59.1002, 98.8028, 16.269, 38.4529, 
  63.9248, 90.1153, 15.6962, 12.4408, 76.1093, 70.1427, 34.8526, 
  63.5425, 35.1239, 10.8646, 111.371, 65.1151, 23.9609, 96.9772, 
  67.853, 84.9068, 47.4842, 50.3187, 25.6634, 56.6388, 16.6335, 
  69.9013, 3.50362, 26.1047, 38.1505, 89.3813, 64.9994, 82.8736, 
  14.3747, 42.5738, 33.7388, 54.2017, 31.0056, 24.9967, 9.68693, 
  3.44803, 16.5821, 25.1258, 72.7257, 95.8937, 95.6147, 7.59566, 
  60.5747, 57.9054, 10.3593, 13.8282, 7.13975, 68.5586, 125.893, 
  112.64, 21.6837, 55.0485, 45.4438, 27.4441, 16.8551, 91.7066, 
  12.2657, 84.7986, 41.7081, 47.5358, 118.572, 66.1841, 46.1, 53.2257,
   75.3549, 74.6105, 84.7653, 58.1264, 31.6145, 19.509, 48.8595, 
  61.7816, 22.1519, 110.041, 14.6004, 11.3898, 64.0624, 100.178, 
  22.8273, 51.0871], [15.9373, 89.5716, 64.1088, 29.3669, 46.6974, 
  40.2945, 89.3374, 41.2395, 7.41487, 28.0134, 70.0565, 41.5728, 
  20.1761, 43.4517, 25.9536, 83.1296, 84.5206, 113.902, 19.1177, 
  40.9526, 69.9305, 53.9128, 30.2668, 14.4389, 112.464, 63.7697, 
  35.6356, 50.5226, 42.6739, 5.94529, 98.7652, 73.6811, 25.9622, 
  66.2822, 86.0526, 74.8745, 61.9157, 45.5355, 29.4058, 47.0088, 
  22.664, 54.4897, 5.35299, 20.3602, 29.5446, 79.7055, 58.0126, 
  81.8202, 7.7557, 43.0327, 48.1744, 46.664, 27.7815, 27.2076, 
  5.52503, 3.91392, 18.4467, 19.06, 93.0382, 96.9313, 116.456, 
  6.33839, 90.7364, 81.9631, 8.28312, 16.52, 7.01972, 69.9338, 
  51.9823, 113.518, 33.2211, 84.7703, 49.7366, 27.2694, 16.4925, 
  88.2855, 6.63387, 103.476, 34.1849, 84.8437, 82.8943, 81.7509, 
  58.9363, 99.1695, 30.7267, 82.8778, 130.29, 56.1836, 18.5381, 
  15.8598, 51.8685, 43.8131, 24.5161, 113.283, 13.6947, 11.026, 
  55.4714, 110.976, 20.2899, 52.9962], [19.2848, 104.446, 67.3825, 
  23.4035, 65.2653, 31.8098, 61.8261, 33.345, 8.03592, 43.4277, 
  76.6977, 32.6414, 12.1633, 45.9682, 42.8507, 81.4114, 87.3646, 
  74.0108, 15.749, 34.6079, 51.2945, 112.863, 33.5129, 11.7007, 
  101.037, 44.3993, 40.4715, 58.5565, 44.0487, 6.45854, 82.3493, 
  104.076, 28.1517, 97.7335, 72.5388, 66.6995, 58.7192, 56.8854, 
  30.3365, 49.2223, 20.4767, 78.5436, 5.99051, 27.8613, 30.1615, 
  74.3495, 60.4151, 63.6998, 12.7741, 58.4124, 40.3676, 36.8082, 
  25.669, 27.928, 10.5114, 4.53384, 23.3941, 15.7068, 73.8908, 
  76.5174, 70.1497, 7.19863, 56.0762, 76.5875, 12.8959, 19.9108, 
  8.55729, 69.4197, 141.998, 134.884, 29.8593, 90.1241, 41.9091, 
  32.1682, 12.2129, 90.3949, 7.5437, 87.8725, 36.1668, 91.386, 
  67.2985, 85.3897, 34.3225, 79.5148, 57.9793, 96.1423, 86.9522, 
  79.6534, 36.987, 17.4516, 39.1175, 43.071, 25.7589, 92.1427, 
  12.6044, 16.3551, 63.062, 57.063, 17.2273, 47.5274], [34.4801, 
  94.4522, 94.4402, 18.6782, 67.871, 26.7006, 113.33, 47.3506, 
  9.84598, 41.2276, 66.9971, 42.1675, 16.6766, 44.6425, 31.2387, 
  80.213, 57.8987, 79.3696, 11.8755, 37.7776, 23.339, 89.6239, 
  21.0968, 15.36, 84.6899, 46.0599, 40.8828, 38.539, 56.7039, 13.0253,
   79.7086, 70.9759, 26.2781, 117.206, 95.2812, 70.0707, 62.1813, 
  30.6847, 28.0092, 41.7285, 13.9018, 43.1791, 5.79236, 31.6917, 
  31.1544, 75.1428, 72.8247, 87.0966, 16.4848, 46.1894, 24.7425, 
  32.5312, 23.6832, 35.6715, 9.58863, 3.14312, 20.8237, 21.4611, 
  100.156, 89.7563, 105.018, 3.85928, 44.4597, 33.0749, 12.7084, 
  17.5826, 5.66082, 41.2396, 118.805, 47.9649, 36.9552, 91.1777, 
  39.1119, 20.7963, 19.1314, 84.9198, 6.46133, 99.0075, 45.7123, 
  95.9945, 66.8592, 66.5646, 40.4161, 91.6423, 51.501, 93.8064, 
  97.9696, 67.0491, 46.3458, 14.8871, 46.3059, 48.3484, 20.9498, 
  95.7127, 15.8254, 17.8821, 55.4492, 83.1482, 25.4775, 
  77.4567], [30.4484, 125.141, 63.7282, 21.8128, 56.0728, 26.0536, 
  68.4023, 37.1852, 8.32635, 53.379, 54.8329, 38.215, 11.0031, 
  38.1327, 31.8808, 92.5722, 80.9622, 93.6096, 14.1548, 41.4415, 
  36.6684, 59.6654, 31.3618, 16.4929, 89.463, 34.05, 33.3135, 59.8867,
   66.0132, 8.35203, 70.1102, 58.5881, 18.0049, 96.3199, 90.3869, 
  90.4482, 55.1368, 48.0287, 16.8324, 37.3381, 19.4822, 57.8414, 
  4.22383, 29.4505, 32.3993, 62.5671, 64.0519, 82.2058, 12.4319, 
  63.727, 35.5039, 37.622, 40.7495, 35.1386, 9.89631, 5.11108, 
  13.9477, 25.3181, 64.3461, 96.6674, 92.4015, 5.17593, 55.8048, 
  67.9151, 13.9889, 19.3182, 7.19495, 93.0102, 75.9189, 63.7196, 
  29.2425, 65.0898, 36.2608, 17.0971, 16.78, 80.769, 7.11616, 79.3408,
   30.2142, 83.8985, 88.3106, 93.5613, 25.9353, 44.9524, 63.6287, 
  111.731, 94.0233, 52.4446, 38.7748, 15.6241, 52.3732, 60.6038, 
  20.1399, 90.1369, 16.7874, 13.4632, 73.2098, 95.9738, 25.3054, 
  59.8522], [32.8525, 74.6785, 67.1443, 25.6129, 85.2279, 26.847, 
  66.5698, 32.4285, 11.0055, 55.3176, 63.657, 29.8838, 23.0206, 
  28.654, 36.9935, 99.4861, 51.2532, 81.0759, 18.5869, 38.4399, 
  39.5073, 86.5162, 27.9895, 16.8091, 80.045, 37.7411, 32.15, 61.1062,
   58.0515, 10.3414, 95.4647, 46.8718, 24.5526, 99.8855, 77.0144, 
  61.6057, 53.6977, 39.0406, 23.8025, 40.3368, 17.6653, 72.2133, 
  3.81152, 23.3946, 45.2482, 60.0021, 71.8047, 63.7896, 7.70428, 
  54.528, 32.2389, 39.7277, 30.8597, 36.2033, 13.6618, 5.61461, 
  19.6391, 18.9646, 112.114, 118.69, 97.1993, 3.80895, 59.0582, 
  68.0018, 11.1789, 15.4975, 6.6962, 41.9146, 88.8939, 75.6851, 
  26.3441, 59.6385, 38.6133, 24.0065, 15.1199, 70.7178, 7.29581, 
  105.843, 43.6342, 93.6455, 99.1215, 66.1818, 54.2518, 86.3387, 
  66.3414, 104.765, 94.7118, 56.3637, 38.0241, 14.752, 40.1433, 
  55.9536, 22.3348, 119.082, 14.1821, 9.42678, 49.2159, 93.1022, 
  18.3698, 53.1745], [38.2051, 82.9107, 93.7336, 23.3118, 66.2972, 
  31.7526, 40.0961, 45.7502, 7.35188, 39.9977, 68.2689, 39.2254, 
  19.8127, 50.362, 44.7958, 84.7922, 61.6096, 83.6088, 11.7036, 
  51.4584, 47.7496, 68.37, 20.5475, 19.2655, 65.0422, 40.3697, 47.957,
   51.2022, 55.0521, 11.3724, 77.8666, 71.4418, 29.5245, 91.8105, 
  86.2462, 77.6416, 51.5778, 56.3921, 24.4653, 36.3023, 16.941, 
  76.6324, 3.19776, 30.991, 44.7178, 71.9163, 76.9468, 109.731, 
  15.3587, 67.0316, 16.3639, 31.0246, 23.2636, 20.7616, 13.3754, 
  4.12543, 16.8361, 25.7219, 111.31, 79.6505, 110.668, 8.03062, 
  104.987, 63.3953, 11.9985, 12.4199, 5.55253, 70.0823, 98.4871, 
  108.139, 29.4031, 60.3154, 58.4358, 15.325, 11.9357, 102.281, 
  9.15824, 65.3485, 41.6762, 79.7192, 39.9905, 88.9312, 47.9244, 
  67.0692, 58.7703, 103.911, 97.8225, 65.1814, 38.233, 12.3889, 
  44.8532, 48.6166, 20.2344, 79.6082, 13.4698, 11.0861, 59.7138, 
  99.2376, 22.5186, 60.3805], [28.6199, 87.7474, 69.2043, 13.3989, 
  72.3856, 36.4537, 137.006, 31.0001, 6.74805, 42.1115, 53.7312, 
  31.9555, 18.9342, 32.751, 54.1506, 70.0045, 73.0995, 93.5246, 
  15.8119, 42.8545, 50.4132, 73.9412, 39.8581, 21.2966, 113.283, 
  45.9084, 36.963, 31.0306, 65.947, 9.99056, 51.569, 68.8282, 21.6291,
   78.7325, 57.2449, 78.2465, 49.022, 66.7524, 20.1118, 35.6185, 
  18.4253, 101.095, 5.22919, 31.7506, 43.8722, 90.233, 80.3525, 
  83.115, 14.8692, 57.3506, 39.6039, 53.5445, 14.9405, 29.4918, 
  8.64035, 5.58542, 13.2344, 18.1018, 88.5906, 100.733, 78.1318, 
  4.75233, 70.6721, 72.7847, 11.1004, 16.4522, 6.49603, 56.5587, 
  95.4233, 100.589, 37.556, 67.0683, 49.7668, 24.822, 18.9171, 
  111.995, 7.67003, 77.1069, 53.6657, 60.1126, 65.0805, 82.841, 
  43.541, 67.8413, 47.1927, 103.395, 94.7024, 48.8393, 38.7933, 
  17.5894, 59.1504, 38.6601, 32.1287, 98.0031, 13.7481, 14.8579, 
  45.874, 121.437, 18.7794, 49.8015], [23.2643, 56.5752, 49.7025, 
  24.383, 80.8298, 38.8197, 110.461, 35.9408, 8.49321, 43.3668, 
  57.0229, 51.8315, 13.287, 35.8067, 40.4557, 79.767, 104.721, 
  90.5389, 9.43398, 39.8732, 25.5763, 71.4456, 40.1594, 15.6132, 
  91.8331, 51.8393, 43.7998, 45.3507, 72.7436, 9.74841, 101.605, 
  88.4433, 19.1728, 107.606, 73.6137, 82.7686, 41.5598, 52.0726, 
  26.4169, 31.6455, 23.7878, 91.0193, 4.95596, 32.9434, 35.2926, 
  86.6976, 92.9231, 85.5121, 15.6179, 70.2333, 25.6893, 49.8774, 
  31.4755, 29.5265, 9.6297, 5.00992, 21.7502, 23.4775, 89.1476, 
  62.0064, 80.9201, 6.2866, 89.8185, 58.0016, 11.9204, 19.2906, 
  7.81145, 79.269, 100.806, 90.1727, 29.0466, 82.7801, 54.9621, 
  15.9243, 14.1882, 81.6194, 6.96758, 95.2725, 29.2828, 71.9015, 
  59.4046, 90.8095, 52.1329, 71.5654, 32.8193, 94.9011, 137.012, 
  58.5997, 29.6768, 13.8552, 27.4908, 46.109, 19.7899, 100.32, 
  17.0437, 10.1299, 76.2071, 92.8969, 14.3536, 60.3018], [24.0265, 
  96.2919, 67.0649, 20.5007, 65.3262, 40.6579, 94.1802, 27.8147, 
  10.0068, 49.5195, 72.4997, 37.8483, 16.165, 41.6913, 40.9363, 
  64.5715, 76.8765, 88.1105, 22.6347, 36.0627, 58.3116, 100.427, 
  28.0492, 21.0664, 86.6024, 45.159, 45.7055, 35.2163, 69.0427, 
  10.7646, 62.9176, 71.4228, 35.6458, 81.4821, 71.8922, 50.7427, 
  60.9017, 50.2895, 23.0717, 45.6892, 19.0768, 58.9254, 3.86541, 
  29.5664, 45.0122, 75.2244, 49.1794, 87.9491, 14.3776, 57.6861, 
  28.6257, 31.349, 38.5031, 26.0845, 11.4662, 4.57565, 14.6403, 
  26.2002, 89.902, 81.9543, 115.638, 6.27636, 26.2256, 69.2528, 
  12.0898, 19.4749, 5.51831, 75.9727, 111.945, 95.5808, 33.5956, 
  69.5982, 24.7255, 26.5635, 11.711, 99.5442, 7.79524, 89.5163, 
  41.4065, 83.7106, 87.2217, 94.1302, 50.3934, 67.4061, 75.7682, 
  96.0694, 83.2917, 67.1216, 32.7886, 15.373, 24.2461, 40.8296, 
  16.2312, 108.787, 16.2775, 13.2424, 46.1399, 98.4634, 17.3048, 
  40.2267], [25.0874, 107.626, 76.3903, 31.5134, 56.4584, 45.1355, 
  103.573, 44.7396, 8.49172, 40.1722, 52.8807, 28.9307, 19.6908, 
  37.5731, 32.4046, 61.7286, 72.0749, 115.851, 24.1553, 31.6867, 
  40.1635, 113.623, 34.6289, 13.7979, 100.901, 40.7157, 28.1933, 
  49.924, 52.5728, 6.36836, 68.0991, 87.2561, 16.8316, 90.3679, 
  91.7229, 86.1232, 83.9249, 45.8442, 28.1892, 50.974, 23.0918, 
  78.2876, 4.87254, 30.3871, 29.3404, 66.3734, 66.5355, 86.1805, 
  14.8672, 64.1794, 34.8032, 29.7956, 26.8492, 27.3476, 9.53748, 
  3.94864, 16.0325, 22.9975, 94.0737, 68.5148, 105.562, 3.92197, 
  48.1437, 77.4966, 15.4554, 13.5277, 6.60185, 62.1831, 122.164, 
  58.4307, 26.5164, 108.651, 38.6268, 19.3324, 8.98988, 112.415, 
  6.76835, 98.6541, 40.2344, 100.906, 74.0804, 64.6293, 36.9354, 
  101.261, 52.5351, 89.4131, 122.339, 66.3987, 29.3723, 17.6964, 
  24.1324, 39.2677, 30.7784, 116.049, 16.2514, 13.6214, 51.1125, 
  104.34, 17.3777, 63.3533], [17.4622, 85.8306, 63.7354, 21.3432, 
  62.688, 25.1996, 72.5348, 25.4488, 5.66332, 45.5719, 67.2065, 
  33.0911, 10.2036, 37.6151, 33.3288, 70.4569, 74.4448, 62.0282, 
  18.6743, 43.7227, 58.6726, 77.6596, 16.4647, 19.6758, 124.53, 
  38.038, 50.776, 31.5541, 46.2621, 11.33, 73.5543, 86.7433, 19.7188, 
  80.5189, 62.8217, 78.1805, 62.2564, 33.0039, 20.3735, 37.3025, 
  14.7939, 74.955, 3.55997, 22.8649, 21.9365, 92.3799, 76.4069, 
  81.274, 12.904, 63.2142, 29.1967, 61.6288, 26.9532, 30.0104, 
  10.5517, 4.03306, 15.0316, 20.6523, 104.186, 78.1363, 63.6543, 
  6.65629, 93.0608, 52.6301, 9.43854, 15.8834, 5.09592, 66.6275, 
  84.6535, 115.991, 26.8857, 82.5449, 48.2677, 22.9654, 14.8046, 
  101.165, 7.94388, 68.7582, 35.1008, 101.171, 67.2547, 56.4027, 
  48.6413, 50.48, 51.5809, 99.8448, 66.4585, 51.8272, 44.7931, 
  14.1877, 37.124, 58.301, 25.9032, 79.6391, 13.0307, 13.3924, 44.481,
   107.4, 19.2568, 71.3899], [29.536, 58.9817, 42.5635, 25.2803, 
  55.5606, 36.1901, 49.7306, 26.0548, 7.34906, 37.871, 52.6243, 
  34.4454, 12.7897, 40.5926, 36.8209, 55.0274, 83.7357, 66.6918, 
  15.898, 33.8932, 65.7895, 65.1859, 19.5202, 14.4547, 78.8723, 
  51.7231, 47.9768, 60.1218, 41.6812, 7.08957, 102.875, 109.69, 
  20.7611, 86.0784, 102.729, 59.1643, 67.6842, 52.2542, 23.9489, 
  51.0298, 15.766, 90.6188, 2.62121, 31.4014, 31.3137, 87.6984, 
  77.4723, 64.9211, 16.2985, 53.9569, 30.7266, 40.4452, 32.9669, 
  40.7319, 6.97596, 4.47263, 15.8869, 23.5813, 92.7005, 103.132, 
  80.421, 4.32426, 88.9076, 62.6006, 6.73078, 16.3435, 7.2495, 
  67.0044, 106.252, 107.397, 25.895, 76.9035, 44.8913, 25.965, 
  15.3895, 87.6563, 8.04471, 121.964, 19.895, 92.3314, 80.7791, 
  89.0619, 50.0275, 94.4202, 73.0904, 81.038, 121.177, 58.4739, 
  45.6999, 17.3785, 45.6456, 46.8347, 27.22, 138.357, 15.5062, 11.699,
   47.5404, 103.268, 26.8925, 67.5135], [32.1549, 87.8868, 62.1681, 
  23.4624, 77.4657, 34.8263, 100.754, 46.0098, 8.12122, 41.3082, 
  87.7025, 42.1148, 11.7202, 44.0064, 37.2177, 82.4069, 53.2538, 
  95.9316, 18.8151, 21.8813, 57.9987, 123.079, 32.6761, 21.3523, 
  80.8375, 60.0824, 39.3619, 38.2542, 22.5327, 5.74832, 98.2679, 
  70.6047, 22.2176, 94.4213, 96.8054, 94.6132, 18.4202, 59.9615, 
  28.3368, 33.0877, 14.1983, 80.5526, 5.40963, 27.8731, 53.3046, 
  123.472, 59.1634, 88.1012, 9.82162, 54.6182, 46.7473, 40.7946, 
  27.082, 42.5462, 14.629, 4.03484, 17.2714, 15.6238, 123.289, 
  82.1892, 117.13, 6.2501, 57.4819, 92.8778, 11.1996, 17.4972, 
  6.61117, 83.1153, 71.5171, 91.2515, 34.3238, 87.0433, 36.359, 
  22.9894, 18.5762, 103.232, 8.07347, 90.731, 30.7317, 103.636, 
  86.7768, 91.1981, 39.6991, 77.1562, 40.3772, 103.498, 69.3157, 
  59.2966, 45.7424, 13.1532, 48.85, 61.9796, 20.4574, 123.433, 
  10.4819, 16.7926, 68.1092, 109.268, 13.4404, 37.7255], [39.5179, 
  83.3908, 56.4235, 28.6562, 39.442, 24.4149, 123.799, 35.8201, 
  8.61125, 40.8807, 63.0453, 34.1929, 10.8731, 30.3316, 34.2879, 
  93.3544, 53.2967, 90.8475, 17.7337, 31.4688, 43.92, 91.6426, 
  35.1768, 17.1552, 88.2363, 50.8146, 36.7022, 58.2472, 66.2764, 
  8.77786, 115.19, 96.8625, 24.2652, 122.735, 107.854, 77.1463, 
  47.5377, 54.6933, 33.1435, 37.478, 14.4214, 57.3017, 4.31847, 
  21.3319, 29.6343, 66.2546, 51.8244, 71.9491, 13.7113, 46.4103, 
  21.2465, 53.4639, 23.4939, 30.5137, 13.3092, 3.87957, 18.255, 
  20.3478, 91.7236, 71.8529, 88.6179, 5.92448, 62.4873, 54.0424, 
  11.8741, 17.1228, 8.06526, 87.096, 113.689, 84.4835, 23.42, 63.7876,
   50.0586, 34.6667, 9.87262, 99.2149, 7.08727, 92.0028, 43.7553, 
  58.939, 103.002, 52.3104, 51.5928, 89.6821, 52.8981, 81.092, 
  78.0655, 50.1237, 35.0103, 11.5973, 60.1653, 73.7277, 24.918, 
  89.4285, 13.592, 15.6103, 55.4478, 95.3594, 21.3515, 
  79.2928], [22.3824, 59.6655, 68.7452, 23.9249, 78.6237, 48.2395, 
  67.5489, 50.3368, 8.10155, 43.7225, 73.7118, 37.7261, 16.1344, 
  38.9064, 30.9417, 61.9813, 75.4777, 113.855, 20.291, 35.2323, 
  59.1416, 108.419, 30.2049, 23.4302, 81.1597, 56.6157, 38.372, 
  59.6087, 47.5467, 12.1705, 73.6891, 81.3916, 22.1525, 102.862, 
  73.0154, 87.8582, 71.1204, 38.9818, 20.1976, 38.7306, 18.0009, 
  73.3017, 4.02791, 21.9321, 23.3035, 88.7957, 65.1525, 78.6067, 
  12.2506, 34.7068, 26.5491, 44.3856, 27.08, 34.9302, 15.8614, 
  3.50195, 13.7011, 21.5566, 97.7557, 107.728, 103.821, 6.7795, 
  82.3758, 83.6879, 9.28239, 15.92, 6.2147, 56.2091, 112.265, 72.5825,
   37.0504, 76.8428, 45.2684, 22.1706, 12.9661, 87.2086, 6.30612, 
  81.6289, 35.3673, 90.3043, 77.0295, 89.1518, 33.6179, 72.7533, 
  51.2444, 93.7483, 82.4793, 63.4409, 33.7374, 14.7642, 40.4763, 
  43.7114, 25.9755, 83.6163, 11.5274, 13.3304, 58.1451, 100.922, 
  24.7702, 68.0434], [24.1612, 53.7008, 59.8923, 24.2915, 51.6582, 
  36.8872, 124.03, 42.5131, 7.83925, 53.5201, 32.9002, 29.1412, 
  13.7425, 40.2888, 40.4086, 68.4712, 67.1638, 99.2877, 20.5482, 
  22.0004, 56.7249, 81.0535, 28.3446, 16.0677, 135.79, 43.4401, 
  21.7948, 55.2783, 62.9653, 6.89455, 106.116, 104.473, 30.5768, 
  61.3162, 97.7115, 64.2432, 79.5533, 75.9956, 24.4201, 43.1245, 
  20.2199, 45.8026, 4.22238, 31.6689, 36.3731, 82.4782, 80.7779, 
  102.687, 12.9267, 47.1199, 44.4524, 37.3957, 29.0569, 20.991, 
  12.9553, 4.62377, 12.2508, 21.4951, 116.498, 98.675, 122.482, 
  5.27099, 77.4517, 63.1427, 12.7188, 16.1012, 5.61588, 77.0103, 
  107.903, 100.266, 36.0937, 81.6221, 49.0217, 24.4097, 9.28631, 
  96.6027, 6.79431, 78.7232, 36.6039, 74.1305, 79.6483, 100.245, 
  47.6648, 105.145, 61.6116, 105.071, 98.8333, 67.576, 38.0462, 
  11.9867, 34.5514, 49.7545, 18.2878, 72.6461, 12.7759, 14.8301, 
  61.4675, 74.1845, 18.0231, 37.502], [23.94, 70.384, 63.0447, 24.155,
   45.5735, 34.8523, 134.501, 43.5882, 8.23934, 56.4662, 66.1523, 
  41.4102, 13.7971, 40.9456, 40.5395, 70.7029, 76.1207, 62.9572, 
  23.3679, 60.3352, 34.7827, 98.3601, 19.0394, 19.32, 68.6378, 
  41.4053, 40.0673, 49.8295, 61.2546, 6.93404, 81.471, 78.9185, 
  33.7731, 87.2806, 73.3303, 47.3042, 66.6267, 37.2709, 39.5033, 
  45.7146, 13.3241, 53.2299, 4.98106, 27.0091, 47.5247, 76.2314, 
  64.3434, 41.4642, 13.147, 72.5031, 39.0817, 40.9206, 25.3549, 
  24.3132, 10.6189, 4.38679, 7.41925, 19.6395, 78.2221, 78.264, 
  120.642, 4.38613, 57.0298, 76.6993, 10.4359, 12.118, 6.60137, 
  55.4906, 96.2398, 80.6215, 44.1915, 46.8235, 41.0342, 16.018, 
  14.2363, 69.4932, 6.1763, 70.668, 33.4865, 95.0684, 88.6731, 
  70.3234, 40.4368, 64.5836, 41.7962, 123.754, 95.1044, 63.4806, 
  36.6334, 15.6826, 43.4144, 64.3165, 24.4801, 97.1242, 11.4168, 
  16.1774, 56.572, 97.8056, 18.2199, 73.6358], [23.0574, 89.9284, 
  68.0406, 20.7215, 69.2214, 30.2918, 91.5917, 38.2661, 8.01403, 
  44.1913, 76.5204, 28.46, 13.9359, 22.8231, 49.5659, 54.8823, 
  61.5795, 98.8933, 16.8958, 29.0896, 66.0884, 108.297, 29.5553, 
  20.7269, 73.5255, 53.1177, 42.0687, 67.3261, 69.1485, 8.85862, 
  60.4109, 53.3312, 33.6233, 84.188, 69.6196, 51.5767, 37.3122, 
  59.4103, 16.6599, 43.7628, 18.925, 60.8862, 5.12924, 21.9631, 
  33.9885, 85.1043, 47.529, 116.534, 11.012, 38.7969, 31.8458, 
  46.1048, 20.4469, 27.0353, 12.4104, 5.23122, 16.1631, 23.887, 
  97.1644, 78.3604, 72.6705, 6.05021, 75.0473, 43.3292, 12.2392, 
  15.789, 6.19037, 85.6528, 85.9454, 94.0252, 42.3843, 82.4755, 
  48.6075, 30.2461, 12.976, 123.366, 11.3787, 66.5933, 34.2055, 
  88.7755, 77.6659, 76.0096, 62.0211, 53.5015, 40.092, 111.064, 
  95.9809, 53.9118, 34.6893, 14.2038, 37.6861, 64.2039, 28.4655, 
  79.8279, 17.7373, 18.656, 59.6429, 96.3751, 12.8191, 
  68.4439], [30.9052, 90.4159, 73.6465, 25.4298, 67.687, 26.3627, 
  117.965, 30.2603, 10.4045, 55.5964, 61.5227, 47.5279, 12.1848, 
  32.7989, 36.8294, 66.1091, 48.2083, 66.8661, 15.8161, 31.0965, 
  63.059, 103.45, 30.1077, 14.7792, 96.3551, 46.1124, 41.1479, 
  71.1138, 62.0879, 4.86751, 86.347, 101.592, 32.4525, 66.8058, 
  64.5257, 66.9986, 64.0612, 42.1461, 30.1638, 35.8664, 18.9213, 
  67.4107, 5.00339, 22.4323, 23.719, 52.4949, 73.3147, 57.4749, 
  10.609, 63.9469, 32.9621, 55.2405, 26.9056, 26.2464, 10.938, 
  5.97368, 16.8651, 16.5101, 65.736, 63.5923, 109.151, 6.1786, 75.964,
   72.1639, 12.2997, 14.9483, 5.5269, 79.9639, 101.647, 43.5451, 
  25.6911, 74.9802, 45.3376, 24.2512, 15.5071, 96.0496, 8.80164, 
  97.3242, 39.4382, 85.4767, 85.6282, 95.6029, 55.8527, 74.8574, 
  54.1471, 96.1867, 87.1747, 35.309, 33.0136, 21.1676, 51.3263, 
  65.2482, 14.4297, 73.4166, 19.0403, 8.72704, 45.5899, 71.4896, 
  19.9408, 66.8326], [17.4771, 74.7339, 44.5076, 20.407, 62.4445, 
  33.5523, 139.522, 29.1218, 7.13895, 42.9001, 44.4108, 35.554, 
  17.8782, 39.7653, 42.2344, 74.2704, 67.4162, 70.6315, 15.3785, 
  50.1235, 50.1967, 99.7883, 43.3202, 15.8795, 89.899, 44.4191, 
  38.7581, 50.9192, 41.7557, 6.33363, 57.8673, 84.5634, 25.2555, 
  104.779, 68.7884, 55.2411, 72.4508, 50.1649, 24.3328, 34.7888, 
  16.2915, 84.1501, 4.79993, 34.3437, 27.3439, 56.1938, 60.357, 
  47.2952, 9.17025, 67.0072, 29.0153, 47.5713, 39.2782, 31.588, 
  10.437, 4.61692, 13.9886, 17.5071, 82.7525, 86.2009, 90.5652, 
  3.76056, 64.8998, 74.5404, 15.042, 17.1638, 6.31618, 80.69, 71.4917,
   82.0272, 32.5629, 64.4034, 47.8513, 19.1037, 13.4168, 127.785, 
  9.91712, 88.6576, 28.9473, 94.8094, 69.0024, 89.6554, 43.8985, 
  94.3211, 52.2585, 69.43, 89.8251, 74.2436, 37.4692, 15.5109, 
  32.7861, 50.5621, 20.7278, 132.063, 19.787, 15.7644, 37.5529, 
  118.333, 25.3072, 59.9632], [34.6814, 67.313, 74.3027, 25.5372, 
  51.6486, 36.0368, 72.8127, 45.8256, 7.92306, 44.4467, 72.8111, 
  36.6596, 21.1353, 27.7895, 37.6, 81.156, 87.25, 86.0872, 15.5306, 
  48.2326, 48.5098, 82.3612, 27.4351, 16.8327, 82.4341, 60.7286, 
  38.586, 63.4286, 76.5217, 7.88228, 86.0685, 72.3417, 32.4311, 
  117.787, 90.3918, 72.0299, 31.0357, 57.4581, 21.1009, 47.0726, 
  15.7874, 66.2913, 5.49898, 31.0516, 41.3538, 68.2431, 77.0225, 
  95.2986, 13.1626, 38.0021, 43.7876, 50.2841, 25.3126, 24.6139, 
  12.4577, 3.70741, 19.7251, 18.1974, 79.6194, 100.45, 121.133, 
  6.34485, 74.3888, 59.501, 16.3528, 12.3786, 4.54808, 68.4373, 
  124.174, 93.4031, 34.9484, 97.713, 52.4947, 29.8037, 11.7461, 
  114.937, 7.91271, 77.5825, 35.1277, 55.0776, 64.8407, 84.6372, 
  34.7812, 51.9627, 45.6559, 117.051, 96.2275, 73.6092, 40.7704, 
  13.2242, 50.4626, 54.6176, 22.3581, 78.0728, 16.847, 9.56823, 
  41.1757, 96.8713, 21.4838, 75.1547], [29.8068, 104.656, 75.7246, 
  26.8552, 76.7869, 43.6204, 85.8962, 33.3777, 8.70359, 51.2599, 
  47.0811, 31.8582, 14.5925, 41.176, 42.2981, 69.6784, 75.5948, 
  106.62, 17.7715, 27.6274, 42.1966, 75.8494, 27.4639, 22.6754, 
  94.8941, 36.7481, 33.1459, 53.1534, 58.887, 10.7894, 96.3012, 
  49.9677, 23.4134, 105.218, 71.0994, 79.9048, 69.7009, 33.8278, 
  29.003, 49.6377, 17.6213, 65.0535, 4.79018, 33.2676, 35.1896, 
  78.9357, 69.2405, 80.3041, 9.61022, 55.7652, 27.9422, 52.518, 
  25.5924, 18.3324, 13.4554, 3.79549, 14.0116, 15.8178, 98.9306, 
  98.8223, 109.613, 4.10041, 68.4019, 55.3486, 10.5913, 19.9903, 
  5.37944, 84.968, 70.5808, 67.6666, 30.3682, 69.9267, 40.3211, 
  23.0709, 18.6433, 110.886, 7.95977, 96.0711, 26.9523, 121.838, 
  70.4134, 77.5581, 38.192, 55.948, 53.4227, 106.156, 111.753, 56.001,
   39.8042, 18.7717, 44.6015, 61.7508, 14.2023, 100.144, 11.7426, 
  6.63426, 69.6015, 103.681, 19.6042, 55.1095], [30.1209, 39.12, 
  70.4445, 23.5723, 72.2975, 34.336, 110.131, 39.1232, 7.83553, 
  37.6618, 76.5333, 42.7818, 21.5565, 35.9228, 40.3275, 78.1654, 
  92.937, 78.9535, 22.8201, 39.2886, 36.9894, 116.861, 20.0132, 
  19.0868, 86.81, 84.1487, 34.7819, 37.7818, 53.8188, 9.59835, 
  101.281, 97.7304, 33.474, 102.172, 84.6058, 88.7058, 53.6007, 
  49.465, 22.2882, 42.8185, 19.1308, 71.1311, 3.84721, 24.4759, 
  33.4008, 75.0185, 74.0717, 97.2931, 14.0751, 26.178, 36.6669, 
  63.3441, 25.2336, 17.1997, 11.8783, 4.32546, 13.9495, 17.2678, 
  80.8068, 102.108, 64.492, 6.56996, 73.9751, 87.0667, 8.55766, 
  19.1399, 4.65078, 37.2535, 91.9694, 116.963, 32.3085, 96.685, 
  50.5612, 29.6045, 10.6351, 92.5281, 8.20318, 108.166, 35.7765, 
  71.2195, 69.0188, 93.5229, 54.1501, 44.9856, 61.7819, 112.667, 
  120.388, 83.5237, 45.4064, 13.6905, 51.1225, 58.7129, 22.537, 
  95.9818, 15.5995, 15.6914, 75.4111, 94.1494, 25.507, 
  88.9993], [18.1432, 102.576, 70.4698, 29.4612, 48.0614, 26.4809, 
  76.2969, 50.7186, 9.59432, 54.6177, 89.4192, 47.9032, 7.48061, 
  32.0086, 36.9029, 68.332, 103.03, 104.619, 18.383, 34.8141, 48.9042,
   83.1144, 20.2794, 22.367, 81.8082, 46.2192, 34.578, 50.9726, 
  62.8713, 7.12705, 66.1437, 89.9216, 24.0824, 89.3265, 100.573, 
  89.6243, 53.7539, 49.3801, 31.2959, 50.0411, 17.8032, 87.0184, 
  4.98173, 24.2199, 31.9798, 82.9378, 71.3417, 94.3267, 11.1359, 
  43.2345, 26.5938, 47.74, 24.2215, 27.452, 9.86495, 3.87458, 13.9406,
   14.9032, 96.4648, 71.7266, 92.2863, 4.6708, 66.2423, 87.2096, 
  13.7589, 10.4817, 7.16966, 86.1295, 113.73, 108.514, 28.4935, 
  77.2678, 43.4776, 9.80533, 16.2959, 151.712, 8.72409, 66.8783, 
  27.3566, 81.0815, 83.523, 89.4786, 48.9425, 40.2912, 42.9434, 
  123.681, 116.521, 41.6992, 34.8714, 16.0812, 55.1493, 68.4991, 
  14.9242, 57.2744, 13.8487, 12.4946, 64.9171, 99.9729, 14.3002, 
  52.1826], [28.1606, 63.5943, 51.712, 24.7421, 64.6052, 24.6956, 
  90.6093, 40.5572, 7.01067, 51.0025, 53.0744, 31.563, 17.9249, 
  44.8909, 43.724, 96.8044, 69.6032, 91.7498, 17.5126, 38.0579, 
  63.9505, 70.7184, 24.8163, 22.7575, 105.637, 46.1346, 17.8379, 
  50.4748, 44.628, 10.149, 124.994, 100.817, 26.6212, 55.8938, 
  88.2577, 76.6021, 60.0528, 37.3008, 25.138, 30.3643, 22.1769, 
  83.1253, 4.32646, 27.3321, 40.0507, 67.4629, 69.5048, 60.4274, 
  14.9423, 39.7449, 40.2151, 38.1401, 27.4829, 27.418, 8.85462, 
  4.08503, 22.8351, 20.9827, 84.2157, 105.791, 127.168, 8.09839, 
  48.4281, 53.6937, 13.7865, 20.1756, 6.19315, 70.7023, 97.6992, 
  80.3821, 39.3121, 86.2932, 37.3698, 22.3584, 15.4748, 101.066, 
  7.58437, 125.32, 39.6312, 81.2678, 108.922, 60.3821, 36.5263, 
  76.4715, 35.038, 110.041, 93.8743, 44.3793, 36.5033, 16.5893, 
  39.7512, 48.915, 23.4737, 106.436, 15.0671, 12.4894, 50.0118, 
  108.989, 17.0134, 54.2944], [32.3375, 81.9391, 91.8424, 19.602, 
  54.7634, 39.065, 85.2927, 34.3545, 7.3479, 50.4341, 44.8059, 
  40.2003, 12.3309, 32.3989, 50.0957, 83.4448, 118.175, 90.2728, 
  14.3451, 31.9012, 47.3263, 86.5641, 23.9332, 15.0872, 72.9559, 
  62.0357, 42.8809, 53.6661, 54.6155, 13.6075, 102.083, 49.5876, 
  28.6623, 78.4956, 89.8226, 83.229, 62.9025, 56.1101, 29.6838, 
  43.5851, 23.0324, 44.8455, 5.62523, 24.9272, 33.4704, 49.7324, 
  60.8505, 106.961, 15.9709, 46.5373, 30.9941, 50.74, 26.1703, 
  28.6219, 10.4284, 4.139, 11.0268, 29.3112, 118.323, 94.0634, 
  82.4502, 5.47497, 71.2108, 51.9553, 9.76627, 16.8676, 4.62195, 
  69.802, 92.3611, 70.9886, 23.4545, 105.106, 42.9444, 29.3449, 
  12.8169, 90.1256, 6.88853, 64.4534, 36.5984, 106.78, 72.2685, 
  85.3007, 39.2281, 72.8979, 56.7829, 96.4019, 90.0904, 63.8706, 
  40.8065, 16.7658, 41.5481, 63.8105, 34.1524, 100.575, 17.5747, 
  13.5599, 53.2161, 95.2037, 18.0144, 47.7545], [31.237, 83.6787, 
  60.3889, 19.2558, 53.3855, 18.6341, 108.761, 41.5145, 6.65368, 
  50.1144, 53.7759, 40.0854, 17.1107, 31.3153, 37.9405, 81.8919, 
  57.0925, 54.9206, 19.8534, 32.4293, 54.9947, 87.4595, 27.5136, 
  18.5466, 111.713, 33.8301, 35.7815, 41.1434, 66.9205, 9.29222, 
  98.9786, 42.1792, 26.3286, 120.348, 58.5825, 76.6946, 54.6885, 
  52.2201, 25.3622, 34.1121, 8.88881, 84.1177, 4.06257, 40.8286, 
  36.4443, 70.1583, 61.1798, 80.7579, 12.512, 77.2702, 49.568, 
  41.9765, 28.0001, 26.9823, 9.96377, 4.41503, 19.0671, 14.409, 
  93.3253, 95.539, 118.046, 5.92801, 70.9375, 59.6014, 9.01374, 
  15.5916, 5.52082, 50.4577, 83.9511, 127.472, 24.7299, 56.0634, 
  65.4883, 29.1136, 17.9099, 82.9264, 7.92756, 105.397, 28.4005, 
  56.0008, 82.9272, 82.896, 50.8269, 87.7873, 66.7784, 88.7956, 
  88.6989, 66.8627, 50.4748, 19.2597, 41.8167, 47.9815, 21.7284, 
  84.1195, 13.4846, 14.8308, 58.776, 86.545, 11.6113, 
  60.0664], [21.2101, 90.3919, 92.6817, 24.2862, 89.3307, 26.6137, 
  71.1445, 43.176, 8.59524, 35.8355, 59.9697, 30.2619, 11.4282, 
  32.7319, 24.7585, 60.0854, 93.7613, 53.0702, 21.3971, 41.6287, 
  39.895, 86.2094, 27.0297, 16.8575, 99.0598, 53.7505, 35.8358, 
  47.8276, 64.8184, 10.3112, 111.992, 68.4621, 30.1452, 70.902, 
  85.5722, 74.3804, 56.6107, 68.499, 21.4828, 38.8855, 12.8158, 
  73.8197, 4.85977, 26.6772, 37.6988, 90.0868, 54.1008, 93.5533, 
  14.7496, 68.8347, 26.3428, 55.7693, 28.9687, 21.3678, 11.3755, 
  5.91643, 17.4506, 16.0683, 104.604, 85.7104, 54.2277, 6.35651, 
  58.3132, 36.8836, 11.438, 17.6035, 7.0403, 62.4751, 102.484, 
  99.6676, 36.8609, 82.4232, 54.2522, 27.7819, 12.9785, 40.2605, 
  7.48398, 92.3761, 47.8921, 49.8769, 75.4778, 85.0341, 37.1366, 
  80.3172, 73.4793, 95.2401, 102.605, 94.3912, 32.7939, 16.1778, 
  29.6074, 36.2228, 26.9183, 92.5636, 13.8349, 14.1861, 56.6093, 
  87.2527, 23.5748, 58.4187], [28.8839, 55.5556, 66.9104, 28.4335, 
  57.1341, 33.9597, 92.4552, 35.0127, 8.95419, 53.0813, 77.5669, 
  35.9796, 13.2438, 37.5508, 39.3513, 68.9065, 98.2446, 85.688, 
  12.1969, 32.7243, 52.5315, 65.9407, 21.5923, 24.5263, 98.0534, 
  48.4706, 55.2568, 66.3918, 50.8121, 11.1604, 59.2871, 87.1126, 
  27.1496, 61.3895, 119.734, 62.3491, 53.6288, 51.0777, 22.0161, 
  41.3971, 17.0872, 58.4808, 3.03636, 27.3604, 34.4127, 95.2848, 
  68.7374, 110.257, 11.3972, 47.5213, 33.8648, 43.8319, 25.5426, 
  35.7684, 13.6392, 2.6538, 16.4986, 14.7171, 71.3436, 84.1629, 
  104.45, 5.61755, 51.7855, 83.1257, 8.67006, 20.0964, 6.07437, 
  55.0846, 116.257, 63.7186, 34.9433, 88.1171, 35.2205, 18.0099, 
  15.5515, 84.5486, 7.46329, 87.7825, 37.5037, 60.5973, 79.004, 
  67.6176, 36.6463, 78.5143, 58.7225, 95.8954, 112.194, 69.8986, 
  47.6208, 16.284, 33.0928, 56.6696, 16.1485, 63.1342, 12.0549, 
  14.3294, 34.4123, 71.6698, 18.7318, 64.3182], [27.5666, 66.862, 
  60.2554, 18.424, 71.1186, 34.127, 117.704, 36.2451, 10.7079, 
  44.7583, 80.8436, 48.1315, 11.4303, 38.0183, 43.0548, 78.5995, 
  99.3518, 84.4207, 17.2637, 37.7217, 42.8431, 97.3956, 31.3473, 
  19.0648, 97.1934, 46.6412, 45.995, 53.3433, 53.4688, 10.149, 
  75.0985, 119.619, 28.7058, 87.5993, 85.6795, 92.1782, 57.2715, 
  65.4008, 36.8682, 29.6368, 21.0525, 86.0754, 4.94237, 23.5712, 
  31.2291, 96.9915, 89.0858, 83.1833, 15.5166, 39.9675, 40.704, 
  39.8843, 29.0796, 29.5538, 11.726, 4.51712, 19.0497, 19.6476, 
  103.122, 91.6035, 140.191, 4.4515, 52.0924, 78.4033, 8.41418, 
  21.7114, 4.0234, 58.0315, 69.7072, 98.4727, 32.4532, 40.558, 
  40.7371, 26.7782, 8.17655, 90.0964, 6.41846, 96.3722, 30.4111, 
  88.8645, 81.353, 40.9967, 46.3103, 56.4021, 61.6773, 74.7852, 
  108.546, 44.3174, 24.0987, 12.2514, 41.0551, 39.8146, 28.1003, 
  68.7886, 17.5648, 14.7541, 54.0536, 82.2847, 15.5215, 
  75.446], [28.4206, 68.032, 44.7431, 21.7065, 70.0637, 30.412, 
  116.997, 45.1717, 7.63302, 53.3783, 68.1964, 31.325, 15.2134, 
  43.9124, 34.5617, 77.8858, 90.1229, 124.167, 21.0262, 41.2109, 
  59.0648, 86.4575, 23.1117, 16.3762, 108.412, 44.7979, 25.3149, 
  57.8992, 37.6877, 11.2456, 65.9113, 94.0712, 31.6272, 105.635, 
  63.935, 79.3859, 45.1371, 43.564, 33.2004, 27.6893, 14.6379, 
  56.1077, 5.18543, 36.9766, 31.3738, 63.5, 86.2439, 75.7153, 10.1267,
   52.8416, 39.9979, 47.3378, 28.7214, 32.8936, 9.82686, 5.74414, 
  25.2617, 23.756, 117.611, 81.1607, 72.7147, 3.16742, 65.3078, 
  48.5916, 14.7694, 18.4926, 6.9311, 71.969, 98.0094, 95.4955, 
  35.7035, 95.6638, 36.8703, 25.7181, 17.2138, 97.6762, 6.50366, 
  71.7041, 39.6919, 70.6479, 73.9711, 73.9952, 41.8882, 73.3296, 
  41.392, 129.959, 136.914, 75.3227, 47.4577, 16.3481, 30.7047, 
  38.8176, 24.1539, 61.7475, 14.4887, 9.48113, 41.314, 107.789, 
  19.3262, 58.5692], [25.5425, 73.4127, 69.3193, 15.9153, 65.3113, 
  26.4932, 110.76, 34.178, 6.72958, 32.3853, 60.1319, 39.4041, 
  18.3306, 30.6919, 31.4622, 63.307, 72.5679, 28.3272, 16.0777, 
  48.5178, 51.8352, 94.2904, 14.9743, 14.7704, 81.5445, 41.0062, 
  30.3508, 52.6664, 54.4059, 14.0288, 73.0423, 77.0779, 23.4178, 
  139.912, 69.5861, 105.941, 55.9656, 55.3114, 27.1639, 44.7725, 
  12.0856, 84.8703, 3.86685, 30.3148, 26.0356, 74.7944, 68.291, 
  101.904, 9.56835, 52.5346, 35.3777, 54.5203, 24.3502, 33.477, 
  8.07768, 4.9905, 14.7872, 22.4619, 91.7948, 102.395, 126.678, 
  7.93507, 68.3344, 59.8806, 9.06739, 20.8789, 6.85094, 73.2402, 
  108.345, 120.976, 32.1777, 113.813, 43.8951, 18.1011, 14.6495, 
  96.2214, 11.0946, 80.8521, 35.8868, 78.1637, 90.1036, 66.52, 
  53.1752, 88.5572, 90.2225, 134.282, 83.87, 56.5001, 38.9388, 
  20.3883, 33.5654, 46.197, 26.1886, 80.4229, 20.6204, 11.1419, 
  61.5359, 83.1859, 18.792, 54.2077], [29.1323, 96.9761, 68.5101, 
  19.3624, 56.4805, 43.0613, 99.0036, 43.8036, 7.06347, 53.8154, 
  82.2082, 50.6009, 12.729, 50.4738, 32.4412, 52.11, 91.0224, 82.433, 
  17.2395, 43.8188, 45.9045, 82.085, 28.6382, 15.8228, 85.73, 57.3112,
   39.0421, 29.4339, 63.9878, 11.8745, 112.932, 112.697, 19.821, 
  73.9813, 86.9073, 63.6303, 57.9954, 31.9231, 28.6196, 43.2941, 
  19.943, 86.5119, 4.30351, 21.2731, 35.2041, 70.155, 47.796, 68.0765,
   15.2802, 41.7816, 39.0799, 52.0433, 34.6099, 34.477, 9.93039, 
  5.35772, 16.3474, 25.9528, 70.3267, 92.4957, 105.903, 4.19551, 
  88.1323, 69.4293, 12.2973, 16.6701, 7.17131, 48.8676, 98.1299, 
  98.0548, 40.2077, 71.5251, 35.5569, 24.7555, 14.5081, 102.854, 
  7.46655, 60.6354, 29.2168, 54.3868, 56.3085, 86.2935, 40.7099, 
  44.1527, 50.5724, 77.6773, 82.6741, 62.1945, 38.482, 15.5455, 
  38.4261, 43.5311, 18.4953, 67.7103, 11.595, 17.8103, 55.5463, 
  85.989, 20.3291, 98.2563], [20.9973, 80.8511, 55.4963, 24.6329, 
  59.8121, 31.5938, 118.353, 35.1566, 9.04503, 38.3444, 62.2612, 
  48.4088, 13.6295, 41.3297, 44.1075, 66.6298, 87.0116, 114.876, 
  15.4863, 37.288, 51.8376, 65.4939, 25.5201, 8.84365, 100.113, 
  36.4895, 28.6217, 38.7971, 70.0671, 5.98424, 78.7755, 102.388, 
  23.7025, 67.9253, 98.5485, 65.4122, 51.6346, 55.0472, 32.0932, 
  27.8846, 24.3181, 64.4445, 4.77114, 26.1671, 28.3318, 66.2044, 
  68.4396, 102.066, 16.3563, 65.0967, 31.3751, 48.7609, 21.2656, 
  30.7125, 8.66695, 6.92583, 17.4898, 18.0549, 67.5899, 100.792, 
  111.822, 4.40503, 74.3987, 71.9359, 11.5035, 21.8465, 4.61282, 
  92.6728, 137.235, 96.6835, 30.8732, 62.5416, 47.5916, 24.287, 
  9.62145, 91.9712, 6.89359, 88.7263, 32.0564, 75.9437, 99.8011, 
  43.5579, 52.3933, 85.9981, 55.5843, 105.371, 100.319, 50.2738, 
  37.0687, 12.9363, 38.2987, 56.2761, 19.8132, 89.9685, 13.7361, 
  10.9591, 60.5358, 78.0745, 18.7937, 61.654], [14.397, 108.466, 
  56.5021, 25.3833, 85.205, 34.4333, 101.203, 43.3194, 7.71357, 
  46.9448, 63.1794, 31.9975, 13.8866, 29.0631, 36.115, 58.1302, 
  76.1357, 74.9945, 16.8652, 56.466, 34.0583, 93.0015, 15.6048, 
  18.4607, 103.584, 54.7322, 28.7409, 61.6007, 44.6273, 6.6657, 
  96.4891, 87.088, 26.76, 60.4429, 118.906, 49.8149, 36.3832, 53.4678,
   19.3157, 37.8266, 21.1617, 80.6118, 3.44644, 30.6176, 29.4531, 
  86.8549, 47.3327, 86.4827, 14.507, 66.5177, 26.8653, 56.6295, 
  29.9384, 27.0582, 7.77933, 4.658, 17.9263, 19.3064, 135.1, 97.1413, 
  95.1133, 6.79669, 63.122, 38.9147, 15.3482, 17.9795, 5.90554, 
  86.8735, 105.707, 94.3105, 29.6479, 98.6846, 56.7271, 26.4693, 
  18.6415, 89.5334, 7.76819, 90.1777, 35.5308, 86.0279, 72.7715, 
  55.7848, 42.5762, 62.7883, 59.8908, 83.3817, 78.3592, 69.6951, 
  32.097, 12.1663, 49.8986, 35.3531, 27.5194, 107.743, 15.5003, 
  15.8836, 53.954, 84.7126, 18.4151, 29.5122], [26.134, 74.1279, 
  89.6334, 26.6739, 65.9931, 32.3177, 97.1726, 29.0714, 7.10037, 
  46.018, 82.3599, 35.2766, 20.9002, 33.1004, 39.3063, 108.01, 
  56.5448, 96.3596, 18.4356, 34.2203, 53.5579, 72.4632, 24.3041, 
  15.6115, 92.8512, 33.7338, 34.7339, 64.2644, 83.3626, 10.5242, 
  105.795, 92.1601, 29.6099, 103.94, 97.3278, 95.8544, 71.64, 53.8284,
   38.3342, 46.3358, 16.3772, 76.619, 4.23004, 20.9157, 36.7154, 
  86.4351, 65.0581, 68.1516, 10.3244, 55.1089, 34.7921, 34.9648, 
  31.5105, 21.202, 10.5692, 4.502, 11.4086, 16.448, 103.247, 103.835, 
  93.2625, 3.79843, 71.5249, 80.0742, 14.3005, 15.7777, 7.24036, 
  66.2976, 101.39, 81.6121, 43.3266, 37.3547, 46.5501, 23.9557, 
  12.5049, 98.6158, 7.49147, 29.7773, 35.6716, 89.8806, 86.8988, 
  73.0277, 61.7324, 65.5562, 59.2982, 98.9124, 110.53, 45.734, 
  32.0302, 15.7812, 42.5597, 77.7083, 20.0985, 87.9985, 10.2955, 
  16.665, 63.7172, 89.1237, 11.5684, 75.0248], [28.7189, 97.4572, 
  62.6841, 20.1941, 72.0642, 40.4529, 66.3717, 35.3584, 9.96312, 
  31.6922, 64.2863, 36.1649, 18.0853, 31.5614, 42.7231, 65.4552, 
  78.5381, 67.453, 8.00479, 42.7463, 32.1855, 110.106, 22.8361, 
  14.1507, 113.673, 50.5457, 42.3284, 75.2409, 58.2762, 9.7422, 
  110.78, 61.1112, 29.3103, 108.618, 77.4451, 67.5553, 36.5581, 
  56.9413, 23.9979, 47.2812, 20.7951, 84.6278, 4.78093, 22.1585, 
  32.9802, 69.7036, 64.0233, 99.708, 8.84484, 38.665, 42.8529, 
  52.8288, 28.192, 33.7891, 13.3673, 3.50169, 9.71552, 14.958, 68.875,
   93.3399, 93.3896, 5.79893, 67.0879, 74.3367, 11.1689, 15.4012, 
  8.71725, 91.0883, 114.167, 88.5566, 34.1847, 89.0717, 48.6859, 
  29.7132, 11.1305, 141.751, 7.01838, 108.498, 34.5856, 96.6344, 
  42.8874, 96.0641, 47.5942, 30.2824, 47.8627, 108.497, 74.6288, 
  63.5796, 28.6189, 16.7187, 43.2307, 57.5235, 19.0677, 74.3653, 
  15.7067, 16.262, 59.6722, 32.7121, 18.2883, 61.6512], [19.4376, 
  99.4272, 74.1017, 30.9182, 65.5139, 39.7081, 85.0934, 32.463, 
  10.2569, 27.0231, 45.6388, 38.1501, 17.0625, 42.9429, 36.9532, 
  74.5919, 76.6356, 75.028, 18.8811, 29.4818, 52.3679, 101.194, 
  29.0158, 19.0243, 80.3832, 40.5287, 58.5145, 50.2955, 67.0118, 
  10.4478, 91.9386, 112.736, 30.6187, 70.127, 75.2982, 103.663, 
  38.2878, 58.6348, 31.3087, 41.8701, 19.1883, 79.5978, 5.58307, 
  28.9297, 33.5418, 79.318, 53.0329, 66.3928, 8.34324, 59.8946, 
  36.7555, 47.6797, 20.4704, 28.6433, 13.2373, 3.52383, 21.4197, 
  19.6271, 48.7041, 94.8751, 93.2402, 3.71264, 62.303, 76.1961, 
  12.0006, 13.3374, 5.54811, 89.0043, 133.319, 84.6191, 34.7185, 
  84.2426, 48.4818, 19.5855, 14.7596, 66.442, 7.09877, 94.6945, 
  21.4486, 93.3545, 93.3054, 70.0372, 38.9369, 60.3722, 45.2013, 
  83.2527, 89.1318, 50.2804, 32.0844, 14.9825, 39.2437, 51.7444, 
  15.3419, 71.9545, 13.3062, 14.1056, 62.4056, 106.449, 13.6211, 
  65.8195], [39.006, 69.7367, 56.0903, 33.3051, 62.576, 22.1027, 
  71.7829, 34.4147, 8.8283, 47.6046, 58.4587, 23.7893, 12.4028, 
  43.0537, 33.6061, 74.2667, 41.2026, 92.9737, 19.8312, 35.2706, 
  49.7673, 60.1688, 25.9066, 18.5409, 96.5077, 54.6558, 34.9279, 
  47.9116, 54.2811, 8.32069, 97.7995, 65.8218, 28.2486, 100.043, 
  69.0708, 58.3183, 81.2787, 42.8568, 33.4107, 44.0733, 22.0336, 
  67.745, 2.88131, 31.6046, 37.98, 74.9939, 73.3095, 68.2591, 10.9359,
   53.4968, 32.3676, 43.4816, 26.2419, 29.8169, 11.4932, 4.02307, 
  16.4183, 19.0435, 117.341, 68.0941, 111.929, 4.58597, 72.3037, 
  61.1316, 12.9541, 13.4733, 4.70953, 61.4471, 71.6641, 88.3774, 
  29.6146, 83.1386, 33.4208, 23.3887, 15.5227, 93.9665, 9.0899, 
  82.0497, 38.5461, 40.6587, 89.7931, 71.0352, 32.3094, 107.684, 
  44.5362, 94.2789, 105.023, 47.1543, 26.9846, 12.7286, 47.0884, 
  43.4711, 21.5885, 76.7983, 15.1305, 11.8791, 63.1214, 134.079, 
  21.6177, 73.2095], [35.8947, 86.8793, 57.5816, 24.41, 60.2357, 
  44.6981, 121.373, 38.7494, 8.88603, 50.9902, 47.1852, 43.5349, 
  14.4679, 44.1362, 43.8741, 77.155, 57.683, 81.4561, 12.7778, 
  32.8474, 62.6018, 98.4046, 20.5724, 17.2433, 120.942, 44.6505, 
  36.8803, 37.4912, 59.5336, 12.7456, 113.988, 81.4853, 28.3507, 
  97.9329, 68.5829, 103.143, 50.0921, 50.9523, 16.5934, 43.4151, 
  18.2758, 83.3934, 4.84745, 33.0204, 48.2881, 86.2787, 62.7852, 
  64.8264, 9.66658, 61.1483, 28.9124, 42.1978, 28.1333, 28.3254, 
  7.25432, 5.28123, 18.4734, 15.7677, 62.1559, 129.151, 113.813, 
  6.33236, 86.9609, 53.0383, 15.3643, 21.7822, 6.41665, 57.0525, 
  83.3024, 83.6193, 47.8765, 77.172, 53.8981, 19.608, 16.1639, 
  54.3608, 6.92286, 100.152, 35.0375, 117.954, 94.5663, 80.6303, 
  47.639, 96.9645, 53.9746, 61.4962, 90.7314, 65.84, 31.8659, 11.9717,
   50.4478, 56.4942, 20.3146, 85.8354, 13.8279, 10.4708, 50.9812, 
  91.6348, 24.1214, 53.4261], [29.432, 90.7643, 70.1575, 21.9769, 
  88.5109, 28.5806, 115.068, 32.4564, 3.55218, 45.2288, 86.658, 
  48.9211, 18.9467, 51.4633, 22.3894, 36.2801, 101.034, 80.1568, 
  14.5556, 55.5581, 45.8247, 63.0011, 31.9478, 17.4039, 104.287, 
  40.1983, 34.42, 52.1146, 77.4938, 10.2859, 62.2963, 118.858, 
  27.6989, 129.642, 68.7975, 90.8113, 42.5565, 36.7104, 24.9456, 
  27.5847, 15.4515, 84.1845, 3.77852, 19.6544, 16.8041, 84.1839, 
  36.1445, 68.633, 15.2457, 51.4959, 27.36, 32.8889, 24.2871, 28.6686,
   10.0939, 4.17198, 12.0651, 20.2161, 88.0484, 88.5366, 70.0916, 
  4.5513, 80.7348, 85.431, 10.3214, 13.6166, 5.12804, 77.0333, 
  92.8961, 83.2942, 33.3689, 77.2098, 41.6936, 21.7698, 18.2102, 
  73.8888, 8.79334, 72.2703, 30.5365, 69.6342, 108.613, 64.8762, 
  33.4889, 60.52, 77.8642, 113.414, 81.4684, 56.6585, 35.8844, 
  14.7593, 43.4958, 44.3108, 27.4438, 85.7694, 15.3598, 14.3019, 
  69.7599, 102.745, 22.6378, 66.4863], [29.0925, 71.5036, 57.0041, 
  23.0739, 73.228, 36.5989, 96.1096, 25.1935, 9.68665, 55.9779, 
  74.4662, 30.8846, 11.3194, 48.9043, 56.4911, 74.5649, 80.6288, 
  96.1688, 19.4909, 42.011, 49.1809, 58.2886, 23.1849, 20.5428, 
  97.963, 56.4352, 49.5216, 41.0483, 55.6769, 4.49447, 44.7713, 
  112.629, 11.1694, 85.0672, 66.083, 75.9306, 66.5447, 32.477, 
  29.2691, 31.153, 22.2831, 72.4493, 5.00365, 27.3816, 27.5958, 
  84.0155, 67.6315, 64.4382, 16.8067, 48.3551, 36.2917, 41.3245, 
  29.9076, 29.6372, 11.1884, 5.18561, 19.4728, 22.4988, 121.25, 
  75.1936, 78.4333, 5.89963, 75.5752, 75.6366, 12.3994, 16.4347, 
  6.94939, 77.1536, 79.2934, 51.207, 41.6373, 98.4403, 55.5673, 
  27.3229, 18.5258, 92.3758, 7.65847, 58.9835, 19.9638, 58.8646, 
  90.8787, 79.3523, 38.985, 68.5881, 62.1003, 101.262, 59.7892, 
  59.285, 52.5074, 12.3244, 54.6966, 48.7806, 25.5719, 82.4086, 
  15.8421, 12.2669, 70.6682, 102.9, 18.2109, 62.1937], [33.3827, 
  62.7817, 72.1768, 20.6288, 54.7325, 38.4578, 57.0281, 40.748, 
  7.63543, 57.4315, 69.0668, 34.7561, 17.5327, 33.0374, 35.4849, 
  64.8801, 43.462, 74.6078, 21.697, 48.0337, 43.7334, 90.2391, 
  23.4537, 15.2816, 89.6523, 36.3373, 45.2491, 55.7706, 78.5937, 
  11.6087, 53.3954, 100.619, 22.5929, 114.418, 60.6666, 67.6024, 
  70.044, 36.5568, 19.0979, 34.6578, 19.309, 70.7715, 3.75455, 
  22.6221, 35.0724, 45.7761, 78.5297, 76.4721, 11.9798, 72.0737, 
  27.4608, 43.3004, 28.8744, 44.933, 12.2665, 5.75952, 14.8405, 
  20.9269, 92.8292, 102.568, 72.3423, 5.12631, 96.549, 70.3381, 
  10.7398, 17.1861, 8.37309, 59.6602, 109.156, 93.3908, 33.7401, 
  92.4207, 36.128, 21.6869, 14.2857, 102.224, 8.51552, 67.6646, 
  31.949, 89.0106, 93.9195, 57.9181, 30.7971, 71.035, 52.8595, 
  121.581, 76.7413, 60.0506, 26.2463, 14.2453, 43.1701, 43.0629, 
  28.6774, 66.1379, 12.1956, 9.88284, 63.3837, 112.544, 22.9491, 
  69.9435], [30.2453, 63.8537, 66.6809, 26.9853, 85.4436, 22.641, 
  78.4565, 35.5808, 8.56426, 64.6544, 60.4581, 42.4901, 13.4421, 
  41.1781, 44.407, 94.3819, 82.584, 107.025, 14.7706, 55.8555, 
  38.5253, 64.2924, 27.1056, 18.0646, 116.158, 53.1834, 31.9477, 
  33.9074, 71.4719, 7.39724, 90.0371, 88.1047, 28.2848, 99.9825, 
  86.8271, 75.7872, 63.2756, 31.8938, 20.4648, 45.2343, 20.2306, 
  55.8658, 5.98349, 30.8339, 37.7785, 64.6016, 61.8466, 101.454, 
  12.5257, 47.2056, 32.6646, 33.759, 24.3773, 23.2692, 10.8815, 
  4.25105, 8.12944, 15.5833, 79.1135, 112.725, 61.6357, 5.66633, 
  87.5925, 72.9734, 13.5303, 16.0587, 3.8458, 70.6934, 98.8588, 
  74.1188, 30.0915, 84.5863, 39.9033, 31.8956, 18.4049, 74.6494, 
  8.7411, 97.8349, 38.922, 87.8546, 69.0827, 61.9193, 53.9436, 81.233,
   70.5033, 103.141, 89.4741, 62.141, 33.6028, 18.1362, 45.4592, 
  47.4754, 11.3683, 119.886, 11.5539, 10.9539, 73.554, 103.636, 
  22.9771, 65.2126], [34.4335, 86.796, 46.8681, 18.8187, 51.0448, 
  28.7945, 90.0534, 52.564, 5.76826, 54.5146, 37.9947, 35.1584, 
  19.2949, 31.4795, 51.8737, 55.2654, 91.0563, 86.7767, 10.1948, 
  20.7966, 68.542, 97.7763, 25.8466, 14.4875, 94.3308, 61.8364, 
  31.1467, 54.8014, 64.0084, 12.5318, 101.464, 94.5993, 21.0666, 
  97.6201, 77.6793, 82.3381, 56.6488, 42.6589, 24.0894, 43.461, 
  25.3319, 58.3091, 3.96601, 32.3291, 32.9295, 75.0342, 82.3686, 
  98.3745, 12.2456, 38.9726, 19.3856, 46.7586, 27.5528, 21.7237, 
  8.98118, 4.36101, 11.402, 22.3315, 92.601, 103.929, 123.033, 
  6.88939, 68.3198, 64.6599, 12.1701, 12.7699, 6.99466, 48.6704, 
  101.58, 99.7061, 38.9213, 80.5141, 40.8461, 23.2979, 14.7458, 
  64.8951, 7.16933, 119.473, 41.0741, 94.1812, 83.722, 78.5344, 
  53.4444, 86.4924, 35.2003, 39.062, 97.6001, 64.062, 31.8346, 
  16.1693, 61.1642, 61.0565, 24.0505, 85.585, 14.0074, 9.87059, 
  86.6514, 66.1792, 19.4889, 77.0545], [35.0016, 97.9504, 73.0462, 
  23.5575, 52.7854, 37.4188, 116.068, 40.0096, 7.49216, 37.6801, 
  73.2446, 37.7595, 15.9661, 39.5418, 41.2342, 77.1219, 85.8665, 
  72.2923, 13.2033, 33.5265, 64.2883, 97.4834, 32.6459, 16.0393, 
  100.343, 49.7171, 53.6314, 48.637, 45.3843, 6.35875, 97.0627, 
  66.0754, 23.7895, 97.1396, 93.5338, 71.7578, 69.7613, 41.354, 
  24.7737, 42.2561, 18.671, 60.2873, 4.21693, 24.2949, 40.4894, 
  79.1542, 66.9382, 69.5032, 15.5767, 56.7006, 35.3297, 37.4555, 
  25.584, 28.9253, 13.0411, 5.43475, 16.0114, 16.2348, 94.6005, 
  133.587, 121.402, 5.6948, 58.8479, 69.7981, 18.7254, 17.1687, 
  6.92737, 54.195, 134.439, 95.966, 21.587, 65.7158, 52.7521, 23.7831,
   17.974, 108.124, 7.96395, 91.7033, 37.098, 65.6326, 54.2451, 
  59.9269, 47.3025, 84.5603, 33.5454, 113.886, 132.637, 47.6297, 
  39.4955, 13.8356, 47.3383, 51.8861, 28.7209, 56.8669, 13.6235, 
  11.2811, 51.187, 95.762, 25.1299, 71.9616], [24.5576, 55.6543, 
  42.4642, 16.2563, 48.7959, 28.8945, 113.29, 41.4041, 5.95955, 
  51.147, 67.5149, 38.434, 14.8316, 28.1354, 33.4477, 46.3521, 
  56.1872, 85.9477, 17.1308, 32.1293, 58.2047, 111.068, 23.6053, 
  18.1942, 66.0121, 40.018, 39.3391, 44.313, 58.2581, 10.3573, 
  66.8368, 83.1772, 26.4677, 102.882, 107.065, 54.6997, 43.9757, 
  45.622, 24.3956, 47.5973, 26.1356, 59.9284, 3.92703, 32.5277, 
  39.3116, 61.8951, 60.5144, 72.004, 16.755, 43.9624, 36.1861, 
  28.0152, 33.6138, 40.8002, 7.62901, 4.74072, 21.0795, 19.855, 
  79.5836, 86.183, 102.412, 5.92697, 82.3061, 59.3358, 7.57271, 
  14.9201, 7.6462, 63.573, 112.368, 110.541, 37.1545, 84.5187, 
  60.4433, 23.8419, 14.5466, 97.9264, 9.68771, 69.3062, 38.1146, 
  68.2365, 81.9317, 81.2226, 53.949, 49.2691, 63.3417, 101.154, 
  76.8279, 44.7268, 35.7886, 13.9145, 28.5344, 59.4858, 29.4476, 
  92.1135, 11.9329, 19.01, 61.4074, 68.8804, 14.3705, 
  51.8668], [25.1728, 58.1554, 72.8766, 28.9777, 55.2735, 27.8994, 
  118.22, 35.7084, 7.51335, 52.1733, 61.079, 46.2907, 18.0684, 
  41.1632, 36.0125, 56.2576, 85.4381, 68.6103, 15.3225, 34.5967, 
  65.975, 92.2459, 29.9424, 12.7602, 121.297, 30.6923, 24.2607, 
  45.4139, 64.0943, 10.1809, 82.2898, 73.7027, 17.7234, 48.217, 
  98.3625, 94.3108, 56.6127, 56.207, 38.8038, 43.6017, 20.1791, 
  43.1881, 3.67427, 27.5948, 36.3382, 80.7642, 78.1813, 63.0096, 
  12.0544, 49.3337, 38.8004, 37.0468, 29.8712, 27.2754, 12.5789, 
  3.15463, 15.0462, 17.2531, 107.039, 73.7005, 97.5271, 7.28056, 
  38.3752, 70.5948, 10.6228, 16.3564, 7.59754, 77.5938, 92.6783, 
  57.804, 48.8819, 98.3296, 43.0119, 22.3332, 12.6909, 97.8475, 
  5.09523, 98.6296, 44.6233, 92.6388, 62.4932, 48.945, 43.8367, 
  75.4595, 65.1092, 104.727, 98.967, 69.3349, 41.1633, 15.4431, 
  50.9219, 48.2884, 16.4139, 92.8356, 14.0783, 10.8371, 53.4855, 
  70.9743, 22.5423, 73.5113], [25.4422, 78.1932, 68.929, 26.579, 
  51.9461, 29.8711, 59.8245, 45.2574, 8.222, 41.0255, 78.7932, 
  32.8346, 17.0509, 27.6437, 34.5529, 71.9825, 56.7826, 91.6601, 
  17.4058, 35.1816, 63.7634, 112.107, 25.5235, 14.5168, 93.9221, 
  49.4794, 49.298, 49.3399, 59.5558, 12.2623, 61.9873, 99.5571, 
  21.8484, 90.4508, 98.0449, 76.2937, 38.2956, 49.1105, 33.6457, 
  36.4176, 26.1324, 66.985, 4.92615, 24.1955, 34.297, 46.8612, 
  67.6521, 93.1288, 13.7876, 53.2786, 33.9648, 39.488, 32.0171, 
  34.4634, 10.5712, 4.8153, 10.8349, 18.4927, 106.966, 104.968, 
  134.051, 4.08324, 92.9862, 61.1113, 8.18344, 17.8452, 4.78893, 
  48.4062, 115.773, 86.3316, 41.7181, 78.6215, 28.0261, 23.3941, 
  12.985, 101.748, 8.43646, 74.501, 27.3841, 86.7739, 85.7578, 
  75.0099, 59.7223, 57.5185, 57.6835, 104.137, 116.253, 71.499, 
  46.7842, 11.0083, 41.5923, 57.7059, 16.0875, 107.234, 17.1187, 
  10.425, 45.828, 98.046, 17.437, 67.7382], [34.8706, 57.7019, 
  62.0801, 21.0705, 58.6994, 33.8032, 109.132, 50.1997, 10.8171, 
  44.6043, 53.0147, 30.3537, 16.7715, 34.1596, 37.6152, 71.1069, 
  83.5757, 100.714, 16.5998, 38.1909, 47.5876, 88.7927, 36.1874, 
  18.0718, 102.674, 41.0341, 31.08, 63.0182, 65.5495, 9.19244, 
  74.3284, 57.5973, 16.7537, 78.1218, 116.748, 78.2873, 74.8055, 
  55.6415, 32.598, 42.1148, 19.0832, 86.4198, 5.40817, 39.1523, 
  30.2585, 70.9736, 80.2205, 79.6423, 10.8406, 61.154, 32.075, 
  33.6902, 32.6089, 31.0143, 8.94685, 4.28285, 15.3761, 14.3839, 
  102.235, 104.015, 104.347, 6.6922, 87.1982, 78.7131, 12.864, 
  19.2081, 7.49339, 72.7061, 109.343, 105.965, 37.8684, 101.967, 
  59.8235, 20.6998, 15.3292, 99.7054, 8.80949, 104.681, 35.6727, 
  102.583, 48.9283, 55.0909, 40.913, 64.4662, 56.5594, 86.73, 98.8338,
   54.3585, 25.0959, 10.2303, 51.4539, 40.9643, 20.3108, 84.6398, 
  16.8698, 15.2907, 53.5302, 137.599, 26.1839, 40.5716], [21.0246, 
  73.7915, 89.6552, 18.5401, 70.2087, 32.0996, 92.2016, 49.6042, 
  3.38439, 23.3686, 75.386, 36.2256, 16.6015, 34.8864, 33.5224, 
  88.229, 49.5557, 124.96, 13.6221, 37.4482, 31.1652, 117.628, 
  16.1397, 14.1848, 73.5843, 53.4676, 32.5306, 57.3522, 39.5799, 
  11.3251, 89.3047, 67.7268, 17.4528, 103.477, 82.6993, 68.2926, 
  60.6081, 49.5672, 26.2336, 41.5895, 15.7958, 77.7545, 4.4228, 
  27.9058, 45.1329, 91.1195, 66.3143, 72.7126, 16.7509, 43.4223, 
  27.1094, 42.5693, 24.2619, 26.8492, 7.52569, 4.28639, 18.231, 
  23.8862, 103.612, 97.3946, 101.838, 3.85786, 45.3024, 51.9185, 
  15.6021, 12.7914, 4.53367, 58.4716, 83.6005, 99.8732, 35.0272, 
  101.169, 36.6212, 22.6418, 10.8685, 91.0301, 6.67064, 75.527, 
  39.843, 86.5715, 61.9387, 83.0165, 46.8661, 72.2646, 58.7951, 
  70.9346, 115.85, 86.7194, 39.4826, 17.9466, 45.8375, 69.9887, 
  18.2349, 114.851, 16.5732, 15.0273, 35.8983, 81.9454, 16.985, 
  54.7249], [23.0805, 91.4272, 86.4559, 20.1438, 82.0414, 28.847, 
  116.236, 18.4011, 8.83307, 42.8797, 62.7219, 42.5035, 14.6839, 
  35.2383, 37.9009, 96.2215, 80.2062, 62.6379, 18.5945, 41.9286, 
  53.8212, 109.174, 32.2862, 15.2328, 75.563, 44.2595, 36.2765, 
  46.5503, 66.6285, 10.8733, 83.7796, 44.6274, 28.5474, 113.345, 
  97.1194, 75.0214, 69.2432, 61.0432, 26.6252, 55.879, 15.185, 
  65.8616, 5.50999, 25.0271, 37.9668, 73.9688, 85.3946, 88.564, 
  7.01191, 69.0362, 54.6928, 45.7647, 22.4675, 21.354, 10.7069, 
  5.6601, 21.4784, 22.6208, 88.1425, 110.48, 105.265, 5.61488, 
  74.9431, 67.9165, 10.2675, 24.0656, 6.73679, 65.0115, 111.889, 
  99.0914, 42.5204, 92.7993, 50.6803, 22.4401, 15.7689, 143.113, 
  10.7599, 101.602, 37.0674, 87.8375, 76.2817, 90.8021, 49.8033, 
  100.649, 61.885, 115.508, 119.33, 54.7231, 37.6119, 15.0607, 
  32.2562, 56.7237, 35.1782, 77.648, 12.3091, 16.0007, 53.5068, 
  62.7158, 19.4774, 64.3992], [32.9838, 84.5286, 63.68, 30.146, 
  53.1983, 26.6214, 96.2715, 42.1403, 8.4357, 43.4295, 48.3569, 
  32.6634, 20.1943, 36.5959, 46.1895, 87.4328, 118.162, 44.9024, 
  16.5827, 29.1758, 48.9552, 123.862, 23.1982, 12.5381, 100.806, 
  48.7348, 32.8758, 58.9007, 42.0616, 8.14735, 66.9893, 119.158, 
  12.8051, 92.3618, 81.8068, 79.5782, 44.8504, 47.8712, 27.373, 
  35.8832, 19.78, 59.5887, 3.1939, 29.0037, 46.2678, 48.9443, 68.0063,
   93.2098, 14.4558, 46.6998, 41.0456, 46.8661, 32.7417, 22.8573, 
  8.40972, 5.83247, 17.1048, 16.3775, 120.974, 131.124, 97.1247, 
  4.94566, 76.1598, 63.6928, 13.9714, 20.7558, 6.27545, 48.0646, 
  104.779, 59.4324, 38.9977, 76.9321, 28.5099, 29.9837, 17.3427, 
  115.085, 8.74278, 74.3499, 36.9017, 73.424, 95.275, 79.8685, 
  58.7742, 55.3372, 47.1659, 92.3828, 90.7967, 53.7011, 29.0933, 
  20.85, 42.7195, 54.8281, 23.9304, 79.1574, 8.05688, 17.0782, 
  36.8163, 56.576, 19.6365, 59.2531], [23.9017, 66.8073, 43.5437, 
  28.632, 75.408, 27.0572, 104.121, 38.6645, 9.30399, 62.4617, 
  55.3897, 37.3448, 12.8283, 42.1515, 41.1724, 87.5373, 82.1011, 
  92.7175, 13.0498, 47.3153, 63.9404, 62.5086, 31.6308, 22.5765, 
  84.2555, 43.3413, 43.5048, 62.4584, 38.5975, 9.84189, 70.8123, 
  61.791, 23.0285, 135.702, 105.792, 104.581, 81.0974, 51.6764, 
  38.3132, 32.3074, 18.711, 73.3393, 5.06442, 25.3138, 31.1189, 
  62.5092, 65.1336, 89.4524, 9.81213, 72.0618, 23.644, 60.432, 26.382,
   20.9053, 6.83596, 4.63042, 10.9233, 23.6312, 94.3752, 67.3535, 
  84.9799, 6.68275, 72.3589, 63.361, 15.1083, 23.694, 8.34624, 
  74.1696, 131.501, 100.512, 17.5704, 75.0825, 46.7507, 25.0159, 
  11.8966, 141.123, 7.53117, 85.2288, 34.0174, 116.277, 87.2915, 
  76.9481, 57.2753, 70.9465, 41.9158, 130.378, 102.044, 77.053, 
  33.856, 18.4627, 38.8495, 64.5622, 23.6469, 81.311, 16.7041, 
  14.2461, 53.5285, 125.426, 17.6172, 51.7061], [29.6999, 81.8388, 
  61.3882, 16.5316, 38.8133, 33.253, 94.4296, 34.9353, 8.74088, 
  39.9616, 58.0254, 47.2831, 13.1452, 49.1758, 44.3501, 79.4292, 
  59.769, 68.5233, 12.7662, 40.5412, 53.3742, 64.8136, 33.3903, 
  22.1006, 89.701, 27.2053, 51.6301, 66.4709, 62.4111, 10.1767, 
  103.408, 100.398, 31.7735, 83.0867, 100.863, 64.7781, 43.6306, 
  47.5495, 29.6828, 40.1936, 22.4602, 94.9321, 6.37085, 29.7787, 
  30.8907, 90.1445, 64.1613, 101.343, 17.2723, 60.8327, 28.0005, 
  29.425, 34.9203, 30.2274, 12.8135, 4.74927, 19.637, 13.4557, 
  94.7755, 93.1532, 118.146, 3.23632, 72.9538, 74.6958, 11.7495, 
  16.7804, 5.56917, 90.8448, 128.922, 113.682, 28.8309, 69.6764, 
  56.9414, 18.4569, 18.3809, 85.1797, 9.10218, 122.037, 45.2509, 
  90.7798, 53.6965, 61.0049, 45.127, 65.3249, 54.4343, 61.7288, 
  107.796, 56.5218, 41.6654, 13.0754, 42.3928, 52.0949, 27.3861, 
  74.1775, 16.9773, 15.0901, 36.5173, 97.1992, 21.291, 
  69.2395], [23.8697, 70.9571, 60.6325, 21.3943, 60.0416, 27.2609, 
  102.128, 42.7991, 7.11126, 31.8561, 81.1273, 31.0696, 18.6882, 
  41.9178, 31.8364, 68.7531, 80.1177, 99.797, 16.039, 41.9723, 
  49.5752, 82.7695, 20.792, 14.7649, 76.8057, 31.7313, 43.4596, 
  63.8348, 48.1018, 8.11615, 70.8031, 71.0238, 22.0149, 79.0937, 
  99.9598, 62.8783, 70.2443, 39.5871, 27.4449, 28.4616, 14.8132, 
  45.1278, 4.88144, 22.6081, 48.537, 89.5804, 74.0381, 92.6435, 
  18.5521, 37.2946, 39.1085, 48.8748, 34.7713, 22.7373, 9.18958, 
  4.80059, 16.4322, 17.3153, 126.495, 87.999, 83.887, 5.6803, 75.5975,
   57.7772, 13.7821, 12.8948, 6.24899, 63.4522, 111.06, 110.118, 
  41.7081, 82.0428, 44.1959, 33.5946, 14.4876, 98.0511, 6.78114, 
  90.3729, 25.6109, 71.6285, 109.07, 66.705, 46.4683, 99.9227, 
  51.2158, 101.712, 97.6777, 43.3592, 27.1513, 15.6287, 38.1081, 
  67.1289, 26.365, 102.364, 16.5001, 12.9202, 73.1019, 114.863, 
  18.1047, 57.759], [35.5936, 68.7105, 71.3763, 13.4247, 49.6202, 
  34.6105, 109.948, 38.7767, 11.518, 43.0785, 64.7732, 29.2995, 
  18.0435, 42.0848, 52.76, 68.9866, 55.5511, 110.178, 17.5803, 
  27.8403, 38.0613, 103.887, 26.0873, 17.1568, 76.261, 45.6685, 
  38.1231, 62.1266, 60.9073, 8.40083, 116.872, 84.3367, 22.1946, 
  116.533, 65.248, 91.4914, 49.954, 26.292, 35.3105, 51.7415, 15.5252,
   47.5598, 4.88693, 23.4197, 50.7562, 82.3407, 70.9221, 90.0046, 
  14.7959, 47.8229, 42.2408, 59.7882, 27.9619, 19.6788, 11.7937, 
  4.29396, 9.566, 20.7474, 95.0332, 87.9736, 136.061, 7.19965, 
  63.9347, 45.535, 11.1712, 21.1958, 7.1241, 59.9183, 105.527, 
  116.173, 40.9887, 80.1702, 26.1935, 27.8485, 15.5694, 102.37, 
  7.18534, 132.917, 42.3673, 73.9001, 69.2516, 82.9015, 51.6231, 
  80.8701, 79.9839, 97.7429, 94.8412, 59.3792, 37.8824, 13.3326, 
  36.0357, 50.6158, 24.8328, 85.8056, 14.22, 11.8191, 65.9984, 
  122.766, 16.7077, 52.3164], [36.7755, 50.3586, 69.9623, 25.5947, 
  69.1183, 28.4116, 83.9084, 35.7866, 12.0074, 34.9159, 48.179, 
  30.2792, 14.7566, 34.2994, 27.1413, 76.616, 68.0523, 62.9898, 
  13.4315, 55.2654, 68.2525, 107.406, 33.2425, 15.278, 92.6262, 
  40.2357, 50.5062, 55.4896, 65.493, 6.77873, 85.8912, 79.9873, 
  19.8943, 101.212, 60.6583, 97.6451, 65.3525, 44.6314, 32.7178, 
  40.5368, 19.6967, 97.5285, 4.17448, 38.0556, 32.684, 70.3826, 
  62.9592, 71.1329, 12.8027, 38.1738, 28.6793, 41.4866, 33.2123, 
  23.0666, 6.96871, 4.57107, 16.9461, 16.5808, 81.7891, 83.4333, 
  98.0024, 5.02462, 69.4849, 62.0459, 10.7011, 16.5348, 5.40556, 
  54.5325, 105.188, 110.416, 31.2916, 106.444, 36.6429, 26.8007, 
  16.9529, 88.3085, 8.00822, 78.023, 36.0378, 62.8169, 63.9237, 
  95.0048, 61.0779, 58.7707, 69.4258, 76.2039, 90.1662, 46.2673, 
  43.0981, 10.2536, 55.748, 55.0777, 28.3397, 108.649, 14.9982, 
  13.4822, 49.6739, 121.697, 19.4741, 75.2208], [31.338, 97.6739, 
  61.3531, 23.1454, 84.7242, 37.2084, 63.0062, 24.7364, 9.80605, 
  41.1655, 82.1178, 28.3812, 22.0522, 28.6593, 56.987, 47.5802, 
  60.9393, 59.1374, 17.7685, 32.9374, 55.2074, 104.175, 29.4249, 
  11.4541, 76.6022, 52.3801, 45.395, 49.1648, 58.8862, 10.6989, 
  46.7706, 73.002, 14.955, 79.4529, 98.1963, 71.8939, 57.2976, 
  53.5495, 27.4923, 49.986, 15.7356, 54.2575, 3.47632, 19.0855, 
  32.4054, 94.556, 59.3565, 97.0277, 12.4879, 63.0403, 46.3877, 
  61.2693, 23.3278, 21.9415, 12.2875, 5.15666, 19.6369, 26.949, 
  77.0468, 75.4718, 83.434, 6.2679, 49.9044, 56.1306, 8.33642, 
  15.6815, 8.17368, 43.294, 136.312, 102.142, 37.588, 67.2159, 
  28.7603, 24.2061, 15.0042, 105.41, 4.95813, 73.3444, 38.7183, 
  86.5101, 85.0515, 75.2672, 47.3357, 41.2265, 46.9611, 118.808, 
  111.352, 62.3281, 33.3416, 15.1025, 37.2225, 59.1442, 27.918, 
  56.8776, 12.6364, 13.6469, 49.4951, 108.217, 18.0078, 
  59.408], [32.4203, 91.0406, 65.8349, 25.1073, 53.3517, 28.2888, 
  92.2827, 27.5949, 6.38216, 31.6256, 54.0441, 15.9751, 13.7595, 
  48.2158, 31.7193, 88.3035, 50.6087, 93.6412, 10.5144, 51.4504, 
  46.7418, 122.628, 32.0643, 16.9559, 98.4972, 50.7976, 41.8975, 
  51.4676, 59.1965, 10.8604, 115.439, 40.7015, 26.0119, 78.6397, 
  101.639, 37.1238, 55.4922, 61.3216, 29.922, 49.661, 13.7092, 
  53.5479, 3.59266, 43.2993, 36.5818, 95.5256, 67.8925, 71.1081, 
  6.24544, 43.2003, 44.0931, 55.7653, 22.6487, 16.3186, 10.0457, 
  4.14181, 17.1198, 19.1249, 98.3859, 72.777, 95.7355, 4.65309, 
  55.4097, 41.1488, 15.1267, 11.7071, 5.34067, 66.9073, 107.656, 
  81.6191, 29.5122, 108.561, 34.2799, 30.6452, 16.2312, 85.3968, 
  5.17879, 105.084, 24.2603, 80.1556, 55.2574, 87.7064, 48.3098, 
  81.554, 57.4312, 83.834, 76.4584, 71.4313, 36.5341, 9.4076, 41.4918,
   17.3931, 24.2169, 84.0126, 16.5693, 16.842, 55.7086, 67.6106, 
  17.4517, 65.717], [32.7492, 102.176, 75.5663, 13.1096, 95.9032, 
  33.2227, 75.9722, 45.225, 6.84753, 60.7806, 48.4569, 44.3697, 
  15.0192, 39.1632, 36.6112, 95.047, 98.1967, 87.9508, 13.6687, 
  44.5109, 49.302, 67.6556, 24.7411, 28.5105, 109.765, 50.3183, 
  33.8832, 48.0183, 58.1802, 9.10343, 75.3354, 67.3633, 20.8495, 
  89.6462, 54.9472, 50.1169, 42.0924, 42.3766, 24.6275, 41.6391, 
  14.455, 66.5855, 3.75799, 42.1888, 38.8592, 73.6284, 67.8501, 
  84.3279, 9.5129, 40.7711, 35.736, 40.7596, 29.2572, 26.8519, 
  9.56279, 4.95912, 21.6926, 20.1076, 84.4448, 36.9317, 100.873, 
  5.93355, 28.0135, 57.0597, 11.0724, 15.9449, 7.96071, 84.2255, 
  117.079, 83.4263, 23.7758, 103.544, 52.7534, 22.3402, 14.6199, 
  132.37, 9.39627, 106.759, 21.3852, 77.9284, 91.7051, 79.721, 
  53.8304, 73.7995, 32.3043, 115.47, 77.3426, 63.5158, 25.3594, 
  9.11303, 48.8063, 48.757, 22.2174, 98.9056, 17.5949, 15.6203, 
  71.8639, 90.1998, 24.2546, 54.2537], [29.5954, 74.3992, 60.1535, 
  22.119, 51.0968, 31.5728, 119.344, 35.8913, 6.17408, 56.9588, 
  67.0329, 28.5276, 17.3362, 49.2977, 41.937, 81.5087, 46.4138, 
  62.9226, 15.3353, 42.9861, 52.8363, 90.6532, 26.3669, 14.4425, 
  95.3132, 51.8057, 30.3048, 81.2854, 51.9967, 10.4859, 76.7167, 
  107.243, 23.6616, 114.613, 107.597, 95.5769, 48.3887, 56.2928, 
  23.7252, 25.7371, 20.9075, 79.6607, 4.30457, 35.3886, 40.1256, 
  73.8168, 60.3962, 52.5736, 10.2638, 60.5147, 28.401, 47.8811, 
  28.4451, 32.9412, 12.9363, 3.25682, 12.8182, 19.641, 81.7541, 
  106.868, 106.114, 6.65778, 80.7093, 66.5013, 11.0362, 17.3927, 
  6.29108, 74.3818, 103.924, 104.161, 31.7762, 109.756, 45.8492, 
  30.4915, 12.3425, 110.59, 10.5122, 61.1852, 44.2715, 92.9318, 
  74.4998, 70.7705, 54.8186, 68.3082, 52.6346, 126.539, 119.091, 
  65.4277, 47.2721, 14.4518, 53.897, 80.0804, 24.2497, 118.088, 
  15.2932, 14.3712, 60.9563, 104.512, 12.558, 33.6423], [19.4219, 
  103.936, 76.2351, 25.6613, 62.922, 39.3566, 96.4, 57.598, 8.8934, 
  26.2027, 52.2976, 33.9989, 15.5306, 34.6096, 42.3395, 63.9261, 
  81.772, 64.0267, 10.1446, 32.9803, 44.3093, 85.9161, 24.3461, 
  17.8576, 117.391, 52.3363, 37.2912, 67.6372, 65.9262, 7.96827, 
  106.08, 62.289, 25.2066, 94.3727, 84.4912, 70.3326, 55.892, 58.1349,
   35.2142, 52.7934, 19.6448, 58.9976, 3.8251, 28.5949, 32.5193, 
  78.0976, 77.2796, 57.9945, 16.4541, 57.318, 38.0542, 48.1913, 
  23.8467, 25.9028, 15.3205, 3.12391, 11.9274, 15.7841, 116.281, 
  114.037, 140.008, 5.05656, 56.7194, 32.8618, 15.4147, 18.9713, 
  5.98556, 81.7404, 77.3344, 88.5124, 40.1203, 70.7977, 24.746, 
  28.104, 16.8971, 72.0608, 5.80882, 82.6424, 26.9427, 74.6273, 
  81.0503, 93.1953, 43.5004, 59.7848, 52.6599, 85.3228, 73.5599, 
  74.1748, 52.976, 13.3437, 33.3946, 40.9077, 23.1851, 106.973, 
  20.6475, 11.6347, 68.1784, 102.601, 18.1194, 62.8842], [30.8129, 
  61.2765, 82.2601, 22.7152, 76.4776, 50.7118, 102.068, 38.6492, 
  7.68125, 47.7057, 65.7461, 30.3341, 21.2679, 41.5216, 40.585, 
  79.1052, 72.964, 103.355, 12.2253, 28.7681, 60.8543, 110.756, 
  30.3484, 17.5901, 91.5994, 39.1274, 39.0805, 58.3293, 57.4212, 
  9.61577, 86.3891, 75.1973, 21.61, 99.5736, 67.574, 71.4318, 44.7982,
   43.1444, 22.1816, 35.1817, 13.1166, 67.7519, 3.48647, 31.5373, 
  32.1548, 52.8986, 44.5118, 80.8129, 15.6039, 57.4501, 41.4813, 
  48.1263, 17.0904, 34.3696, 8.77888, 4.82121, 23.3267, 24.3198, 
  82.0271, 101.984, 96.2746, 4.88287, 71.3268, 45.2921, 13.9898, 
  23.3712, 7.40648, 46.936, 115.438, 85.1932, 12.8952, 77.2397, 
  42.3337, 15.585, 11.9511, 90.7891, 6.13155, 104.349, 31.085, 
  103.642, 85.9365, 67.392, 37.1276, 74.6509, 50.5298, 100.072, 
  132.085, 46.1533, 35.3344, 15.8278, 52.4316, 49.1396, 28.2168, 
  87.0808, 11.6442, 13.8732, 41.0697, 80.9956, 20.5944, 
  72.1411], [26.1365, 78.3178, 50.9617, 21.6912, 70.7335, 28.9725, 
  122.809, 27.2122, 10.7835, 43.9899, 65.7052, 37.914, 19.2744, 
  29.502, 38.1558, 77.9312, 75.5639, 86.8617, 11.7932, 41.2762, 
  49.8224, 99.5223, 30.4733, 22.8226, 104.677, 56.2596, 42.6438, 
  61.0296, 61.5884, 12.7161, 81.6682, 73.4518, 24.3728, 110.366, 
  104.937, 85.0999, 38.3283, 40.791, 33.2526, 34.081, 17.4559, 79.743,
   5.55936, 32.3183, 41.0499, 91.5164, 66.3009, 78.6143, 10.0063, 
  34.0856, 36.0974, 37.9071, 33.7972, 31.5983, 10.455, 3.97371, 
  12.185, 24.9967, 79.4302, 66.4144, 83.5062, 3.91019, 55.2285, 
  44.5236, 10.7059, 18.6635, 3.7017, 65.0905, 102.255, 63.8065, 
  37.4459, 75.5662, 51.2867, 24.7736, 14.0133, 92.1581, 7.73543, 
  94.0666, 39.8945, 86.0228, 104.816, 93.8185, 50.5238, 78.5447, 
  59.7723, 44.3767, 121.539, 66.0326, 26.6457, 17.4761, 38.9209, 
  41.4362, 22.0533, 113.343, 18.9951, 13.1317, 54.0766, 98.9984, 
  21.2505, 60.2952], [23.9405, 31.5321, 94.0196, 21.4198, 102.032, 
  39.2885, 88.7957, 44.7486, 7.42366, 40.9049, 50.2913, 35.5174, 
  22.1304, 39.2907, 40.9952, 68.9003, 80.1348, 72.41, 15.5731, 
  42.4434, 37.6806, 38.2854, 27.7056, 18.7339, 122.076, 67.5921, 
  38.5601, 43.8059, 44.4721, 7.81901, 101.001, 89.2417, 18.9935, 
  57.517, 94.3139, 88.5034, 68.5652, 49.0659, 22.3502, 26.7576, 
  19.7109, 41.996, 4.01939, 21.6821, 43.8314, 56.2952, 63.9847, 
  60.6431, 8.75303, 57.8363, 32.4802, 45.6541, 24.3529, 24.4141, 
  13.2256, 2.69182, 12.5667, 18.0489, 85.7408, 101.567, 121.823, 
  4.07212, 57.0311, 60.3841, 14.5201, 17.0116, 8.06694, 70.4504, 
  84.1176, 72.471, 38.1618, 68.8751, 39.9473, 22.7838, 14.429, 85.781,
   10.2737, 50.0764, 32.8929, 115.1, 82.4081, 70.3675, 50.0409, 
  88.8047, 76.2542, 109.831, 109.062, 51.5271, 47.904, 12.3284, 
  46.9331, 61.6929, 29.4424, 92.1602, 16.3272, 13.0458, 56.3345, 
  90.2888, 19.4225, 68.9227], [25.6373, 24.874, 74.242, 21.9519, 
  70.6772, 32.4534, 110.013, 41.5767, 8.42195, 47.2193, 49.4374, 
  34.3191, 19.2409, 50.8489, 44.2061, 85.0276, 72.1522, 81.6528, 
  26.4552, 56.7243, 44.9079, 86.5775, 29.3016, 16.7139, 83.3202, 
  48.0741, 45.8259, 40.5155, 56.5792, 9.33704, 137.713, 67.1151, 
  16.1522, 112.163, 64.5035, 70.0889, 53.5935, 61.3081, 26.1556, 
  41.4135, 25.579, 65.721, 5.92288, 39.4504, 25.7765, 62.6119, 
  81.4805, 117.536, 12.1921, 62.6152, 26.97, 52.8423, 36.1664, 
  15.2798, 9.49359, 5.1759, 12.6213, 17.734, 91.6299, 67.4908, 
  93.4002, 6.69018, 71.6823, 51.9046, 15.1507, 10.8606, 9.2811, 
  50.601, 124.039, 118.333, 39.3069, 107.315, 31.3922, 29.6989, 
  13.7997, 94.8611, 9.33245, 86.5335, 40.5389, 78.1821, 58.3916, 
  84.4569, 53.0858, 64.2409, 64.2748, 118.908, 79.3423, 45.1788, 
  26.4819, 10.3397, 35.6609, 61.2774, 22.7884, 93.1682, 17.7638, 
  10.6301, 36.7117, 85.9943, 21.0964, 65.7496], [29.1765, 48.2977, 
  40.1141, 16.9081, 58.5463, 37.1403, 83.4982, 41.643, 7.46271, 
  48.5478, 56.2017, 23.9916, 13.5652, 53.4292, 37.3847, 87.2913, 
  42.5692, 101.337, 20.2924, 35.2173, 35.1609, 81.6078, 34.126, 
  14.2027, 111.059, 61.1852, 45.2975, 52.5941, 79.9754, 7.79271, 
  72.6518, 42.1204, 22.331, 121.756, 103.227, 56.6685, 53.7501, 
  40.9685, 25.2347, 31.484, 16.1519, 38.5125, 2.49617, 32.9487, 
  34.8528, 69.0308, 76.3029, 59.4046, 12.7608, 53.2195, 33.4575, 
  36.1601, 25.1462, 28.7189, 12.7342, 4.33193, 21.8215, 18.731, 
  101.367, 110.647, 43.5686, 5.53373, 79.3651, 74.0149, 9.70098, 
  17.0131, 8.28619, 49.8697, 108.995, 95.8311, 25.9305, 68.3731, 
  40.934, 19.3129, 11.6722, 141.7, 6.82221, 97.8737, 41.5234, 101.095,
   88.4484, 67.8112, 40.517, 103.288, 45.4871, 112.277, 123.399, 
  55.8403, 39.3173, 12.9614, 48.3829, 48.4911, 18.6632, 80.9752, 
  20.3316, 12.9276, 51.2557, 86.0333, 21.1464, 70.6944], [30.1337, 
  69.0492, 55.9641, 28.6905, 82.5381, 55.295, 113.406, 26.2196, 
  7.0162, 42.7644, 101.873, 35.0354, 16.8585, 44.1216, 30.0132, 
  60.4438, 69.7425, 98.1187, 11.8272, 43.1419, 40.3978, 113.076, 
  29.1107, 17.3477, 76.2382, 36.2598, 39.6448, 62.9801, 51.3901, 
  8.61979, 101.156, 49.5676, 19.9613, 124.67, 87.4666, 74.0563, 
  47.5558, 41.1989, 32.0001, 48.8033, 19.0301, 58.8952, 2.58679, 
  34.3569, 33.6094, 67.9332, 62.8329, 98.3897, 10.6838, 37.6754, 
  35.3693, 30.8168, 31.6494, 16.9995, 13.6844, 4.75932, 13.0016, 
  23.709, 109.628, 62.2323, 90.9773, 7.1568, 67.4267, 58.669, 11.5892,
   13.5372, 7.7736, 79.1314, 115.287, 86.5432, 48.4914, 73.5826, 
  46.9949, 20.3408, 14.4503, 109.857, 7.38406, 107.578, 36.2297, 
  54.8442, 111.311, 84.0808, 31.0317, 71.3264, 57.3631, 83.7724, 
  122.579, 52.3182, 38.225, 10.5482, 48.4359, 32.08, 23.8001, 92.4658,
   17.0502, 13.7046, 56.401, 69.9117, 18.1649, 55.0749], [22.6547, 
  79.517, 58.3255, 19.0192, 72.7464, 27.9945, 104.503, 31.8199, 
  5.69006, 50.3157, 87.0406, 32.5399, 14.3087, 37.6648, 38.4341, 
  67.8733, 65.8785, 109.644, 12.6891, 31.0719, 58.2511, 71.4257, 
  24.7418, 14.1731, 91.6403, 51.7589, 52.4339, 63.8418, 62.7241, 
  10.8129, 107.347, 90.2736, 18.9085, 108.636, 93.1977, 87.7452, 
  67.5502, 53.2458, 31.3538, 39.8597, 16.8407, 64.9588, 5.33192, 
  23.0326, 36.7155, 80.3826, 82.7111, 54.1018, 16.824, 54.2884, 
  28.9764, 63.0186, 32.6518, 32.3793, 11.6989, 5.50475, 19.8512, 
  13.7352, 98.2657, 84.6275, 111.818, 4.73764, 52.3099, 75.286, 
  14.6041, 16.7006, 4.27959, 79.3501, 122.573, 105.726, 32.3495, 
  103.705, 44.8285, 26.5375, 12.9253, 93.1714, 9.33075, 75.8954, 
  32.8104, 50.4847, 91.7888, 53.223, 52.1146, 75.8375, 38.4439, 
  102.353, 111.496, 56.1883, 46.3838, 16.0623, 40.6311, 34.5574, 
  24.3776, 66.8354, 15.8382, 14.149, 53.0382, 99.3903, 18.1889, 
  83.6126], [25.324, 70.2349, 53.7734, 8.62532, 88.3193, 32.584, 
  107.655, 38.564, 8.21882, 39.3944, 63.7514, 38.7272, 16.8484, 
  39.3932, 33.3521, 60.2133, 56.1574, 90.6027, 21.6096, 44.5008, 
  55.4103, 101.181, 25.0568, 19.9379, 92.0842, 59.5841, 44.13, 
  57.8666, 51.7966, 9.24501, 90.4185, 69.1154, 26.8858, 70.6267, 
  70.1371, 88.0985, 54.9787, 43.2953, 29.2269, 53.394, 20.5282, 
  75.2971, 5.08051, 17.7743, 38.7267, 36.9876, 68.9914, 53.0126, 
  10.2719, 50.6531, 47.7715, 38.7901, 20.8638, 32.4695, 9.36518, 
  5.3367, 17.4467, 21.7797, 125.074, 90.397, 80.7169, 5.452, 75.9828, 
  54.3058, 12.1355, 19.5045, 6.68568, 61.9633, 120.73, 76.8415, 
  31.4802, 109.038, 42.0935, 21.4751, 17.7012, 93.9401, 7.68734, 
  70.3268, 35.1479, 94.2891, 104.764, 80.2945, 38.2383, 96.4983, 
  52.896, 83.1105, 69.1369, 58.7758, 40.028, 10.9921, 52.2363, 
  59.7426, 17.9786, 100.806, 18.5136, 17.0463, 67.4623, 65.0436, 
  19.2398, 53.2983], [27.6059, 73.7545, 50.5274, 21.3054, 60.8535, 
  29.525, 78.0473, 25.7107, 8.60905, 20.245, 73.7208, 33.7486, 
  15.7856, 35.6132, 34.2022, 78.5834, 54.0576, 97.7857, 19.7558, 
  37.1478, 57.5721, 120.29, 23.3265, 19.1222, 110.101, 71.3724, 43.17,
   43.7636, 57.1111, 6.24365, 92.5641, 81.5313, 22.4005, 111.635, 
  90.4041, 54.013, 64.7417, 36.9618, 27.7642, 36.0598, 16.0988, 
  73.7719, 4.42654, 24.2351, 35.945, 90.1244, 41.8813, 73.4106, 
  13.5052, 41.9886, 41.249, 57.8944, 35.574, 28.9625, 12.2281, 
  3.65009, 14.718, 24.597, 92.5268, 84.2306, 97.0844, 4.10061, 
  79.7111, 61.1772, 15.2031, 18.5923, 6.04131, 77.3742, 95.9673, 
  99.6186, 39.67, 76.1701, 52.9365, 20.3648, 15.6013, 66.7945, 
  8.57561, 95.2626, 42.7744, 84.0768, 91.0674, 72.5575, 37.8984, 
  64.0643, 63.7445, 94.3485, 107.828, 73.5979, 37.6302, 17.6009, 
  42.0536, 57.3223, 16.3705, 100.695, 17.6686, 12.8881, 73.2666, 
  101.695, 21.4147, 56.9527], [23.2481, 68.3237, 82.5128, 21.6081, 
  44.7284, 29.6197, 120.486, 41.2449, 10.2603, 42.327, 34.7675, 
  32.208, 20.3061, 46.3338, 26.9012, 78.7396, 108.488, 55.9482, 
  23.7697, 31.2265, 61.3112, 56.4257, 29.8148, 18.6056, 83.1753, 
  30.9085, 41.9959, 45.3866, 83.2621, 8.8812, 81.9832, 114.069, 
  30.5589, 81.4485, 112.096, 94.4223, 41.6393, 60.2762, 31.5957, 
  25.391, 12.2828, 83.3906, 5.07781, 33.1043, 42.8082, 71.8968, 
  91.1517, 62.2891, 19.3383, 54.7273, 33.8159, 30.4224, 27.0683, 
  32.6759, 10.7478, 4.10988, 14.5757, 21.963, 80.9469, 70.3661, 
  146.337, 4.07667, 99.9912, 60.2446, 16.3655, 24.4092, 5.99056, 
  74.537, 88.0196, 84.2103, 23.3048, 88.117, 59.395, 25.4984, 14.7496,
   71.7609, 6.73117, 89.1394, 30.992, 81.2328, 84.7783, 73.7466, 
  30.0874, 69.5361, 61.1013, 96.6351, 89.1969, 64.7664, 34.1465, 
  14.8917, 42.9265, 64.9922, 16.3585, 90.1113, 20.2348, 13.3641, 
  61.7963, 85.5076, 17.0555, 60.8863], [26.7226, 87.216, 48.2292, 
  24.0466, 76.2469, 24.176, 99.586, 46.3503, 8.58705, 46.0958, 
  60.6468, 36.7669, 16.0333, 44.1024, 36.3679, 81.873, 76.6566, 
  97.7897, 24.2982, 30.1098, 35.8399, 99.0144, 35.1067, 16.5049, 
  84.6536, 46.312, 40.6719, 58.1684, 48.3822, 6.45805, 76.0067, 
  71.4347, 22.2929, 83.3408, 81.0177, 67.6087, 69.6954, 47.5612, 
  24.3361, 29.1765, 21.4395, 35.239, 6.68565, 32.4292, 38.0818, 
  65.9568, 52.2589, 91.4623, 10.9914, 62.376, 31.1187, 33.6651, 
  27.2766, 32.9777, 10.1631, 3.46475, 20.3102, 21.5175, 74.7066, 
  58.1091, 107.882, 4.84078, 64.3139, 60.7083, 17.663, 19.7367, 
  6.98935, 71.8119, 125.617, 87.3174, 29.5761, 76.7595, 39.6551, 
  22.668, 15.6049, 114.142, 10.4714, 90.0437, 53.5305, 29.9884, 
  81.6984, 95.1972, 36.646, 81.5724, 51.0695, 84.4132, 118.345, 
  48.8798, 50.0635, 16.3585, 35.9582, 73.1531, 21.3467, 74.5288, 
  13.9592, 12.7425, 64.014, 106.78, 24.5272, 58.7001]];